[[0.5231893  0.46427017]
 [0.9938105  0.56925136]
 [0.55129945 0.54671884]
 [0.00277186 0.930624  ]
 [0.72193795 0.64277494]
 [0.03633391 0.99446535]
 [0.9940885  0.5785825 ]
 [0.8839612  0.58209294]
 [0.00135146 0.9011666 ]
 [0.95518464 0.5156851 ]
 [0.9513395  0.51106644]
 [0.99377716 0.5738949 ]
 [0.9890511  0.5953013 ]
 [0.98973584 0.00148391]
 [0.9918406  0.56523585]
 [0.00520839 0.99367046]
 [0.91320515 0.65945345]
 [0.99401677 0.48471043]
 [0.9119525  0.57503057]
 [0.00099667 0.9944894 ]
 [0.00144102 0.96040064]
 [0.00283502 0.994206  ]
 [0.99347985 0.49220833]
 [0.99369556 0.56187737]
 [0.8901399  0.5168338 ]
 [0.00191295 0.7601499 ]
 [0.5882906  0.57321054]
 [0.00134813 0.98980796]
 [0.9417627  0.57384443]
 [0.9937921  0.557992  ]]
[[0.00116799 0.00134575]
 [0.01073092 0.00142009]
 [0.00666238 0.99471337]
 [0.99457175 0.0013621 ]
 [0.21048936 0.14704698]
 [0.5133745  0.5157152 ]
 [0.5344014  0.5336793 ]
 [0.00159414 0.9881776 ]
 [0.984642   0.00110997]
 [0.9934468  0.42257276]
 [0.14002657 0.0529246 ]
 [0.99025357 0.00123525]
 [0.43772206 0.63814825]
 [0.08614974 0.009312  ]
 [0.99448514 0.15448968]
 [0.12872009 0.00182716]
 [0.20052753 0.10241075]
 [0.00522638 0.00129482]
 [0.09191864 0.00130086]
 [0.00160775 0.9946183 ]
 [0.01803571 0.00126818]
 [0.10118132 0.00240824]
 [0.47622955 0.45838934]
 [0.40568578 0.4661093 ]
 [0.99385905 0.30321413]
 [0.21386848 0.04643042]
 [0.47109565 0.41209358]
 [0.9945237  0.09856699]
 [0.41168028 0.51893866]
 [0.06028447 0.00180272]]
[[0.00194145 0.719742  ]
 [0.37910414 0.16319454]
 [0.9867491  0.00117876]
 [0.3666319  0.16615754]
 [0.4778311  0.00138372]
 [0.12397499 0.99388784]
 [0.359543   0.1525087 ]
 [0.00229965 0.9610297 ]
 [0.45189595 0.07484993]
 [0.37547448 0.15395437]
 [0.58609706 0.1332379 ]
 [0.13303442 0.9916887 ]
 [0.3139312  0.25772095]
 [0.00773096 0.99462587]
 [0.00886146 0.00125828]
 [0.00246885 0.7950407 ]
 [0.4644991  0.00192234]
 [0.4350256  0.2825037 ]
 [0.00238243 0.8055843 ]
 [0.41953856 0.13047063]
 [0.00172546 0.00131381]
 [0.35473895 0.12873498]
 [0.38403764 0.17666551]
 [0.99412423 0.00128225]
 [0.4708251  0.00592462]
 [0.3366152  0.00294511]
 [0.00165402 0.98667693]
 [0.530041   0.06058672]
 [0.3433498  0.05331339]
 [0.40755755 0.99463207]
 [0.01521086 0.9946237 ]
 [0.35279754 0.1632962 ]
 [0.00102327 0.9946218 ]]
[[9.94926393e-01 1.49898569e-03]
 [1.11242905e-02 3.93920913e-02]
 [9.06031753e-04 1.11727091e-03]
 [9.93881941e-01 1.12207867e-01]
 [2.16579065e-03 1.77020177e-01]
 [4.36665237e-01 9.94197905e-01]
 [8.94704238e-02 9.94172633e-01]
 [3.44332797e-03 4.46117595e-02]
 [1.11504598e-03 9.94737983e-01]
 [2.63998820e-03 2.28079930e-01]
 [2.68239826e-01 9.94616389e-01]
 [5.64488173e-01 9.93169188e-01]
 [9.85015750e-01 1.16125809e-03]
 [1.14258635e-03 1.93332676e-02]
 [1.31969550e-03 2.87958421e-02]
 [1.45542924e-03 6.07212186e-02]
 [4.22973335e-01 9.93791461e-01]
 [9.54855978e-03 9.94527340e-01]
 [2.17469290e-01 2.19722182e-01]
 [1.75805464e-01 2.31057256e-01]
 [1.50868222e-01 2.54282892e-01]
 [3.32673818e-01 9.94385302e-01]
 [2.83516973e-01 2.12144569e-01]
 [9.94463742e-01 1.94602460e-01]
 [1.29761954e-03 9.65217128e-03]
 [9.94650483e-01 4.45484444e-02]
 [4.11016196e-01 9.93051946e-01]
 [1.86582766e-02 9.94684994e-01]
 [1.47588772e-03 1.34078652e-01]
 [9.94476080e-01 1.74264237e-01]]
[[3.66738439e-01 3.44559282e-01]
 [1.17408736e-02 1.26329623e-03]
 [4.89429891e-01 4.54848975e-01]
 [5.40172875e-01 4.80728418e-01]
 [1.20066501e-01 6.21217117e-02]
 [6.97348297e-01 6.33221209e-01]
 [1.32309052e-03 4.15696830e-01]
 [2.96734065e-01 2.38647252e-01]
 [9.89306835e-04 1.20077841e-03]
 [9.94648874e-01 9.94083285e-01]
 [9.94393110e-01 9.72845376e-01]
 [1.31324276e-01 7.86730926e-03]
 [1.59442076e-03 1.70561999e-01]
 [1.12182520e-01 7.53332749e-02]
 [2.77775586e-01 2.23457828e-01]
 [4.31451410e-01 3.79488081e-01]
 [6.02148473e-01 4.94460791e-01]
 [1.27339608e-03 1.18524255e-02]
 [3.27080309e-01 3.15134823e-01]
 [2.41357763e-03 6.11324497e-02]
 [9.93865371e-01 9.83735204e-01]
 [9.82646048e-02 9.06720012e-02]
 [5.91867805e-01 5.25295496e-01]
 [7.53875673e-01 6.88911021e-01]
 [5.91260083e-02 2.43657711e-03]
 [4.14352685e-01 4.06966388e-01]
 [1.63890223e-03 2.30615456e-02]
 [2.35205621e-01 2.02731624e-01]
 [9.77339298e-02 2.53594830e-03]]
[[0.9943255  0.29865256]
 [0.99352336 0.1793649 ]
 [0.71812934 0.41936657]
 [0.9937709  0.28543064]
 [0.00188919 0.29845107]
 [0.00130522 0.48858672]
 [0.98250365 0.00172384]
 [0.4182707  0.3176097 ]
 [0.9942786  0.52943647]
 [0.99269545 0.4006864 ]
 [0.9940972  0.2718863 ]
 [0.99464625 0.3121489 ]
 [0.64468116 0.27436137]
 [0.99218565 0.21512751]
 [0.56902003 0.21866213]
 [0.8466826  0.33165786]
 [0.9807049  0.52191955]
 [0.99397933 0.4583527 ]
 [0.81949836 0.4671659 ]
 [0.1740658  0.3510214 ]
 [0.8169591  0.23942809]
 [0.81951725 0.6023462 ]
 [0.6565836  0.28187132]
 [0.5900316  0.00167392]
 [0.8231719  0.3635459 ]
 [0.99412    0.0140266 ]
 [0.19157553 0.3649755 ]
 [0.63018125 0.22079816]
 [0.7443401  0.23682246]
 [0.67065233 0.28141543]
 [0.5469996  0.4392405 ]
 [0.9946839  0.00132352]
 [0.991716   0.60225517]]
[[0.76971024 0.8594923 ]
 [0.5875121  0.9946491 ]
 [0.779219   0.9810883 ]
 [0.83992493 0.52048916]
 [0.95719355 0.9803611 ]
 [0.6028615  0.57165015]
 [0.99436027 0.4586949 ]
 [0.84367675 0.5801099 ]
 [0.9233621  0.953912  ]
 [0.7135463  0.8066181 ]
 [0.83302295 0.59172124]
 [0.7903604  0.6802129 ]
 [0.99442035 0.4769805 ]
 [0.8729732  0.9138703 ]
 [0.62472785 0.8355729 ]
 [0.92844576 0.40904748]
 [0.7788112  0.99435085]
 [0.8235129  0.51593715]
 [0.8090256  0.7596985 ]
 [0.65222424 0.9946593 ]
 [0.8217731  0.99444073]
 [0.54411036 0.76277816]
 [0.75880677 0.841789  ]
 [0.7593322  0.72248507]
 [0.41599712 0.00119893]
 [0.9938581  0.99457544]
 [0.73862743 0.9944107 ]
 [0.00149202 0.7952074 ]]
[[0.99332905 0.92443395]
 [0.00119362 0.99471223]
 [0.7121398  0.00203968]
 [0.87712944 0.6904375 ]
 [0.829307   0.00140772]
 [0.9935493  0.78788245]
 [0.00134009 0.24199538]
 [0.9777532  0.00115935]
 [0.9946787  0.00121978]
 [0.9936558  0.9602959 ]
 [0.99449027 0.75169486]
 [0.53435737 0.31825072]
 [0.6410316  0.00142799]
 [0.87303454 0.8846281 ]
 [0.9772122  0.99255556]
 [0.99369186 0.9772183 ]
 [0.00135548 0.26125038]
 [0.9932033  0.72406995]
 [0.9943249  0.99437153]
 [0.48536572 0.34392232]
 [0.9944095  0.654167  ]
 [0.99424    0.7705241 ]
 [0.99394053 0.94321424]
 [0.8256154  0.99447584]
 [0.7086559  0.9944147 ]
 [0.8899109  0.92265296]
 [0.50903857 0.2930562 ]
 [0.583361   0.26410186]
 [0.609077   0.00188607]
 [0.8099498  0.00128883]]
[[0.0603199  0.99452394]
 [0.34059015 0.45445207]
 [0.10837226 0.99413514]
 [0.07326352 0.8196104 ]
 [0.66320294 0.00157362]
 [0.9753328  0.00141444]
 [0.81833684 0.00137145]
 [0.9756754  0.994153  ]
 [0.23264022 0.5760799 ]
 [0.23513108 0.5535511 ]
 [0.99414045 0.9745914 ]
 [0.00188049 0.97492063]
 [0.99476415 0.99455965]
 [0.9929782  0.14549485]
 [0.9562673  0.00224249]
 [0.22132432 0.6308627 ]
 [0.19304216 0.72275954]
 [0.765143   0.00198979]
 [0.9943265  0.00117201]
 [0.9943083  0.02110164]
 [0.22245139 0.6588133 ]
 [0.23112851 0.60359395]
 [0.99324065 0.04062345]
 [0.2709104  0.6345556 ]
 [0.11235365 0.8520146 ]
 [0.2608008  0.55307454]
 [0.02131818 0.9945507 ]
 [0.00125798 0.99424714]
 [0.936619   0.00138512]
 [0.99401814 0.91443235]]
[[0.02297816 0.84272575]
 [0.00125794 0.58291215]
 [0.45401502 0.58373094]
 [0.49458495 0.99439067]
 [0.06361388 0.99389374]
 [0.01206143 0.9433391 ]
 [0.12654935 0.8990036 ]
 [0.45727643 0.71855545]
 [0.00259562 0.8472099 ]
 [0.49258897 0.6482757 ]
 [0.23372    0.9946218 ]
 [0.5744857  0.7001952 ]
 [0.48591998 0.6966929 ]
 [0.42593515 0.6149791 ]
 [0.13123448 0.9933497 ]
 [0.7622325  0.0013905 ]
 [0.7392103  0.00115176]
 [0.15470253 0.9940933 ]
 [0.47605026 0.59174377]
 [0.08573856 0.99346393]
 [0.4861744  0.7203443 ]
 [0.7146028  0.00133743]
 [0.00150091 0.40431657]
 [0.5345725  0.691394  ]
 [0.61130583 0.67451364]
 [0.06545391 0.8251891 ]
 [0.7272485  0.01855684]
 [0.2107235  0.9936923 ]
 [0.6924699  0.00121405]
 [0.00312156 0.8243006 ]
 [0.09161472 0.84999627]
 [0.59625995 0.6923486 ]
 [0.43116775 0.5896568 ]
 [0.10870733 0.9945819 ]
 [0.02359984 0.8191162 ]]
[[0.4096076  0.00116325]
 [0.7348254  0.6686541 ]
 [0.42548782 0.02292266]
 [0.9187193  0.9941909 ]
 [0.38077086 0.04242751]
 [0.4083957  0.04106373]
 [0.68263793 0.67397845]
 [0.9572906  0.96859276]
 [0.6807348  0.6501462 ]
 [0.98688334 0.9490031 ]
 [0.7637332  0.7785467 ]
 [0.7408635  0.79423183]
 [0.9446151  0.99475545]
 [0.37883154 0.06839351]
 [0.4056727  0.06629606]
 [0.735327   0.70262665]
 [0.70967656 0.7130456 ]
 [0.969991   0.9942764 ]
 [0.39363647 0.02118784]
 [0.3630834  0.023802  ]
 [0.8624263  0.86099917]
 [0.71127665 0.68741626]
 [0.00162339 0.6167945 ]
 [0.9913625  0.9705862 ]
 [0.43650436 0.00155435]
 [0.81029314 0.99437386]
 [0.37813056 0.00130584]
 [0.64514506 0.7366938 ]
 [0.99468887 0.994036  ]
 [0.00141941 0.9942938 ]
 [0.6862368  0.7011959 ]
 [0.3518067  0.00132111]
 [0.00136478 0.6453486 ]
 [0.70782673 0.6596366 ]]
[[0.5770969  0.6389897 ]
 [0.15447624 0.99308693]
 [0.49998403 0.90090317]
 [0.18821259 0.9934171 ]
 [0.30321732 0.9934164 ]
 [0.02592085 0.99423486]
 [0.00104787 0.9947439 ]
 [0.00143629 0.4635388 ]
 [0.10192331 0.99364305]
 [0.19557592 0.00160752]
 [0.477675   0.9939138 ]
 [0.00157697 0.41369423]
 [0.00114306 0.43868035]
 [0.12687771 0.9869081 ]
 [0.2810798  0.9101561 ]
 [0.33098188 0.47887474]
 [0.18770584 0.7818303 ]
 [0.35454217 0.49427956]
 [0.5704176  0.47538677]
 [0.00112439 0.38731313]
 [0.42429513 0.9943867 ]
 [0.50422305 0.65392876]
 [0.3747661  0.9934102 ]
 [0.04402373 0.46517128]
 [0.25441664 0.91566926]
 [0.40501624 0.9020236 ]
 [0.05219813 0.99452084]
 [0.42858186 0.42617118]
 [0.23512252 0.991967  ]
 [0.00177909 0.5550525 ]
 [0.00125749 0.4886459 ]
 [0.35241356 0.5994509 ]]
[[0.9376227  0.35599607]
 [0.93980336 0.42403123]
 [0.00119083 0.02800681]
 [0.9944912  0.38640508]
 [0.20379402 0.00188625]
 [0.00166164 0.08252908]
 [0.9679409  0.40095493]
 [0.00124984 0.05506336]
 [0.25347024 0.9935643 ]
 [0.267979   0.9675423 ]
 [0.88512564 0.41557348]
 [0.09576586 0.00163407]
 [0.03021529 0.00115273]
 [0.91236895 0.4019669 ]
 [0.83897537 0.3875489 ]
 [0.00114705 0.00127624]
 [0.94022846 0.3880655 ]
 [0.9940423  0.4439502 ]
 [0.9666993  0.43397108]
 [0.9941218  0.35763404]
 [0.99462926 0.5449748 ]
 [0.3159165  0.99449205]
 [0.22347066 0.99457496]
 [0.88973594 0.37911195]
 [0.23383619 0.00158154]
 [0.99267274 0.47366548]
 [0.3022882  0.96981835]
 [0.96768993 0.36976892]]
[[0.57439536 0.30730525]
 [0.524592   0.00540017]
 [0.70012623 0.28973854]
 [0.5845849  0.1177723 ]
 [0.56166375 0.15822321]
 [0.55616623 0.12791628]
 [0.51806074 0.24978217]
 [0.35541064 0.57335687]
 [0.5606731  0.18907207]
 [0.5471899  0.06000275]
 [0.5629201  0.02521239]
 [0.41378802 0.29107544]
 [0.53416115 0.17247318]
 [0.4946407  0.00722808]
 [0.68799406 0.31736308]
 [0.57769436 0.05864277]
 [0.4929544  0.2855798 ]
 [0.68364483 0.18634717]
 [0.4038309  0.39487907]
 [0.00160772 0.4844345 ]
 [0.00231434 0.567374  ]
 [0.5430672  0.09068517]
 [0.53062046 0.14263558]
 [0.5012967  0.14609969]
 [0.51252353 0.21211204]
 [0.47513443 0.48801035]
 [0.54274595 0.21761653]
 [0.99403256 0.00115418]
 [0.5739232  0.08933256]
 [0.00319163 0.51573384]]
[[0.35015684 0.99423814]
 [0.40366453 0.99262303]
 [0.40755898 0.87044555]
 [0.37458    0.88849163]
 [0.34339017 0.69017786]
 [0.00140983 0.99470687]
 [0.10358355 0.75289524]
 [0.46233317 0.22817318]
 [0.9936261  0.5111182 ]
 [0.07832389 0.7835437 ]
 [0.46845248 0.43835402]
 [0.2589561  0.6784674 ]
 [0.396269   0.52666926]
 [0.02961709 0.98370725]
 [0.11139769 0.78492945]
 [0.36748397 0.8158888 ]
 [0.44775495 0.29511797]
 [0.41604257 0.28865546]
 [0.44775522 0.74691004]
 [0.00171973 0.9638326 ]
 [0.46692264 0.25971544]
 [0.22631365 0.68547434]
 [0.41323438 0.47639945]
 [0.11006317 0.99453956]
 [0.56213534 0.8393467 ]
 [0.00134084 0.92198926]
 [0.58852154 0.81832314]
 [0.50103146 0.84946984]
 [0.07836121 0.9900727 ]]
[[0.00107438 0.00107785]
 [0.57893723 0.80110043]
 [0.76050353 0.5178702 ]
 [0.5491846  0.866059  ]
 [0.9183995  0.5374836 ]
 [0.3497298  0.99432117]
 [0.6367234  0.7648003 ]
 [0.67502683 0.71806926]
 [0.44135702 0.9612444 ]
 [0.5669303  0.8333489 ]
 [0.4323514  0.7331668 ]
 [0.59147626 0.64939517]
 [0.5261666  0.83596206]
 [0.98619753 0.55861354]
 [0.00175958 0.03573495]
 [0.54236126 0.8044192 ]
 [0.38732243 0.9945537 ]
 [0.6088909  0.73834515]
 [0.9945197  0.40868884]
 [0.4671873  0.75919   ]
 [0.5243499  0.99392176]
 [0.4543986  0.9938322 ]
 [0.5759177  0.74917895]
 [0.6623848  0.68068916]
 [0.5461314  0.7698674 ]
 [0.6029869  0.77511746]
 [0.6417214  0.72622836]
 [0.84684545 0.3954586 ]
 [0.42186895 0.99445695]
 [0.45962104 0.7075903 ]
 [0.674268   0.6331922 ]
 [0.6273327  0.69246715]
 [0.48725674 0.9936695 ]]
[[0.00120218 0.11187517]
 [0.974807   0.8221701 ]
 [0.9543877  0.95465446]
 [0.3417176  0.60260224]
 [0.994595   0.99447817]
 [0.5155047  0.5188841 ]
 [0.95753217 0.9944298 ]
 [0.31808817 0.5723906 ]
 [0.07695629 0.9933179 ]
 [0.0400226  0.00131796]
 [0.35779747 0.64120686]
 [0.52840877 0.556063  ]
 [0.49057615 0.55098367]
 [0.00122386 0.9943265 ]
 [0.4192917  0.5275461 ]
 [0.9204144  0.9936115 ]
 [0.0013424  0.00131074]
 [0.00178001 0.92088777]
 [0.99412024 0.92250764]
 [0.14877433 0.99454767]
 [0.07307028 0.9523375 ]
 [0.9946262  0.95822525]
 [0.03972457 0.9945779 ]
 [0.00172887 0.78075016]
 [0.23160726 0.99427336]
 [0.3099343  0.52033603]
 [0.00128171 0.8852711 ]
 [0.03895758 0.040592  ]
 [0.00116107 0.07296106]
 [0.00143469 0.95925605]
 [0.39034122 0.37739512]
 [0.00231474 0.8493539 ]]
[[3.0401624e-03 8.1907398e-01]
 [1.1629490e-03 8.5843098e-01]
 [9.9348712e-01 9.5263135e-01]
 [9.9460506e-01 3.8544953e-02]
 [2.5004849e-01 9.3188840e-01]
 [1.5850270e-01 9.6603912e-01]
 [9.9350142e-01 1.1549491e-01]
 [9.9394506e-01 9.9460590e-01]
 [1.3257184e-03 7.7923435e-01]
 [3.6473557e-02 8.3800304e-01]
 [6.0509264e-01 6.3912553e-01]
 [9.5179939e-01 4.0819336e-02]
 [8.7698716e-01 1.2183591e-03]
 [8.0812208e-02 1.7941317e-03]
 [8.1657773e-01 1.1948305e-03]
 [6.2320698e-03 7.3844892e-01]
 [4.0376246e-02 2.0332590e-03]
 [9.9453402e-01 9.7252638e-04]
 [2.9056796e-01 9.3656081e-01]
 [5.9562802e-01 5.9331924e-01]
 [5.6032568e-01 6.1491913e-01]
 [2.5053537e-02 8.8896900e-01]
 [1.2315025e-03 9.5851916e-01]
 [1.1004498e-03 1.1744982e-03]
 [4.1460849e-02 9.9310344e-01]
 [9.9095047e-01 7.6838829e-02]
 [9.5596331e-01 1.2615320e-03]
 [1.2067961e-01 9.2770332e-01]
 [2.2350282e-03 4.1810807e-02]
 [8.2054019e-02 8.1946540e-01]
 [1.5651116e-03 9.1855294e-01]
 [1.2598907e-03 9.9500686e-01]
 [9.1663373e-01 1.5117055e-03]
 [4.2142350e-02 9.5320350e-01]
 [9.9461667e-02 9.8008275e-01]]
[[0.40868175 0.574241  ]
 [0.3539188  0.72788405]
 [0.3078501  0.7194205 ]
 [0.10003484 0.5613521 ]
 [0.5840095  0.9944003 ]
 [0.31145602 0.6470428 ]
 [0.21558633 0.57282346]
 [0.03236276 0.47600606]
 [0.00141011 0.4329122 ]
 [0.2515883  0.5902671 ]
 [0.16873997 0.5923425 ]
 [0.18263102 0.54635674]
 [0.4677474  0.936198  ]
 [0.16644867 0.6357737 ]
 [0.00210314 0.5048629 ]
 [0.56102544 0.9583139 ]
 [0.4854933  0.8329371 ]
 [0.17777865 0.444642  ]
 [0.23893061 0.63516617]
 [0.204413   0.6127613 ]
 [0.12251086 0.5970999 ]
 [0.27034023 0.7023974 ]
 [0.08087265 0.5998482 ]
 [0.12641837 0.63819426]
 [0.2316669  0.7189419 ]
 [0.5835188  0.67562747]
 [0.2796089  0.6191692 ]
 [0.24295256 0.5427032 ]
 [0.27361006 0.6596154 ]
 [0.23768355 0.67781174]
 [0.14302978 0.55880255]
 [0.4862723  0.993471  ]
 [0.20207165 0.6535593 ]
 [0.3409473  0.6879244 ]]
[[0.6293565  0.644132  ]
 [0.31204265 0.84473604]
 [0.9940853  0.06985889]
 [0.63813    0.73095906]
 [0.9036882  0.08647035]
 [0.80451375 0.06260095]
 [0.9941509  0.00127825]
 [0.87174904 0.05647445]
 [0.5772023  0.5232826 ]
 [0.94996256 0.99448794]
 [0.55508107 0.6432049 ]
 [0.99202883 0.24570951]
 [0.99114037 0.11035386]
 [0.62164813 0.6893607 ]
 [0.8701872  0.01322934]
 [0.9106393  0.00130295]
 [0.9610467  0.044048  ]
 [0.35457063 0.8289914 ]
 [0.49048588 0.5955487 ]
 [0.6646287  0.68723196]
 [0.9473299  0.09123781]
 [0.9946539  0.99391806]
 [0.9171354  0.04453674]
 [0.95433646 0.2076439 ]
 [0.2547014  0.8874349 ]
 [0.50523883 0.4824127 ]
 [0.3902453  0.78688383]
 [0.8291461  0.00176584]]
[[0.00862033 0.26263726]
 [0.00130456 0.5464553 ]
 [0.13417226 0.2588908 ]
 [0.47748914 0.50884426]
 [0.27219662 0.12078303]
 [0.4098079  0.04700735]
 [0.29533356 0.00157396]
 [0.36889985 0.16582368]
 [0.32490703 0.3911928 ]
 [0.5391225  0.00178295]
 [0.22959979 0.03846496]
 [0.2141042  0.38411146]
 [0.16814981 0.41280302]
 [0.17877032 0.03689475]
 [0.15323904 0.00165606]
 [0.09110339 0.40716654]
 [0.4314089  0.00124393]
 [0.25132394 0.00114772]
 [0.6914208  0.40273136]
 [0.20324019 0.07322661]
 [0.14677149 0.12376852]
 [0.99359006 0.0111322 ]
 [0.17881277 0.21569748]
 [0.2746831  0.3603785 ]
 [0.74570155 0.3608427 ]
 [0.10791409 0.14732984]
 [0.20722167 0.17985184]
 [0.9936552  0.213401  ]]
[[0.00117735 0.44162837]
 [0.00121723 0.4881594 ]
 [0.4026973  0.09963616]
 [0.0451389  0.412748  ]
 [0.04511284 0.46130374]
 [0.5090033  0.94579715]
 [0.3566376  0.00194617]
 [0.46547055 0.9645838 ]
 [0.47351667 0.04195962]
 [0.4044964  0.00112862]
 [0.41583514 0.922831  ]
 [0.99466294 0.00131314]
 [0.5487402  0.99411035]
 [0.42683223 0.04473519]
 [0.45183805 0.00112926]
 [0.14415878 0.4037423 ]
 [0.59388566 0.99347687]
 [0.3776143  0.9944202 ]
 [0.49955764 0.00125745]
 [0.21702628 0.4528524 ]
 [0.00115617 0.39442915]
 [0.00153855 0.34636822]
 [0.2117288  0.40332127]
 [0.46992862 0.9180224 ]
 [0.19145828 0.36229622]
 [0.51325125 0.06785063]
 [0.42787647 0.9945445 ]
 [0.50151837 0.9922143 ]]
[[3.70021701e-01 9.93759751e-01]
 [1.91023141e-01 9.46234822e-01]
 [4.51838970e-01 4.54646617e-01]
 [4.38495517e-01 5.04648328e-01]
 [9.89729583e-01 1.66792914e-01]
 [3.39165509e-01 4.95739400e-01]
 [2.43609652e-01 5.22517145e-01]
 [3.20087403e-01 9.94640768e-01]
 [3.58126193e-01 5.51724434e-01]
 [2.42822170e-01 9.53384876e-01]
 [8.75257730e-01 1.01700954e-01]
 [9.95150805e-01 1.17763042e-01]
 [8.86552274e-01 5.08433692e-02]
 [3.88113886e-01 5.08562744e-01]
 [5.63748240e-01 3.96096915e-01]
 [1.94457591e-01 5.29560387e-01]
 [9.46677685e-01 8.46185081e-04]
 [4.66758281e-01 3.98116082e-01]
 [9.34612811e-01 4.65060361e-02]
 [8.97902369e-01 1.85236055e-03]
 [2.13312790e-01 9.94698465e-01]
 [2.89170355e-01 4.96025831e-01]
 [9.94406104e-01 5.09839952e-02]
 [5.63786328e-01 3.44633251e-01]
 [9.58667874e-01 8.72533023e-02]
 [9.94784236e-01 9.27689252e-04]
 [2.70498782e-01 9.94664550e-01]
 [8.66225839e-01 1.73557758e-01]
 [2.98346370e-01 9.50740099e-01]
 [8.14381063e-01 3.96483429e-02]
 [5.13777375e-01 3.80123615e-01]]
[[0.99433154 0.05216659]
 [0.6166977  0.51139706]
 [0.53584045 0.61534935]
 [0.39051256 0.7104796 ]
 [0.7231658  0.4764454 ]
 [0.6538553  0.4245711 ]
 [0.47386268 0.5406116 ]
 [0.0013482  0.37654105]
 [0.44161496 0.61748207]
 [0.00109043 0.2733457 ]
 [0.5331185  0.56620276]
 [0.48925    0.64621836]
 [0.65714324 0.54619265]
 [0.5415908  0.66413015]
 [0.5897184  0.646921  ]
 [0.5690803  0.48688722]
 [0.9431782  0.00151953]
 [0.524466   0.4567217 ]
 [0.5819357  0.5934537 ]
 [0.6569269  0.47513786]
 [0.8899032  0.00157548]
 [0.6056403  0.45209318]
 [0.9946645  0.00116367]
 [0.47754    0.48466426]
 [0.5456953  0.71522784]
 [0.486439   0.5936074 ]
 [0.57666594 0.54212147]
 [0.5226368  0.51328474]]
[[0.32998255 0.8854057 ]
 [0.99341244 0.7614449 ]
 [0.90319484 0.42699206]
 [0.37480116 0.9608203 ]
 [0.8630024  0.00801288]
 [0.21260367 0.72513056]
 [0.9943663  0.99421626]
 [0.9943428  0.89181346]
 [0.52973765 0.44463155]
 [0.4565711  0.832769  ]
 [0.99409753 0.65580463]
 [0.9412317  0.99468654]
 [0.6906724  0.9056494 ]
 [0.9934038  0.81394553]
 [0.83679587 0.9939985 ]
 [0.259204   0.99306464]
 [0.99450916 0.3911037 ]
 [0.9384959  0.9388687 ]
 [0.99441385 0.5145504 ]
 [0.6394815  0.43079916]
 [0.49627355 0.48848107]
 [0.2537813  0.7713184 ]
 [0.5035459  0.91804683]
 [0.9938623  0.70844173]
 [0.69203573 0.6632718 ]
 [0.94147265 0.38843635]
 [0.4519213  0.65468794]
 [0.9454234  0.78763807]
 [0.9583435  0.8533838 ]
 [0.9104509  0.8312526 ]
 [0.8891505  0.99462473]
 [0.99454695 0.9430279 ]]
[[0.9943498  0.5492831 ]
 [0.7588491  0.61165434]
 [0.4934862  0.6313158 ]
 [0.9038538  0.55290186]
 [0.55079377 0.4316377 ]
 [0.62859386 0.8375353 ]
 [0.9596694  0.45111305]
 [0.7554338  0.8939334 ]
 [0.853539   0.00174984]
 [0.9946634  0.40804186]
 [0.0010221  0.9937051 ]
 [0.6783416  0.85850906]
 [0.90480125 0.4662161 ]
 [0.99356025 0.05595054]
 [0.7300858  0.84420514]
 [0.49252585 0.7162742 ]
 [0.78304565 0.8449589 ]
 [0.9407032  0.50648063]
 [0.84626615 0.5026856 ]
 [0.99399924 0.49389136]
 [0.9946585  0.0016312 ]
 [0.8283518  0.81119025]
 [0.9934345  0.35172254]
 [0.9944502  0.11112087]
 [0.80961645 0.9834009 ]
 [0.93884075 0.39878953]
 [0.00134568 0.85747325]
 [0.781609   0.55902755]
 [0.05617844 0.9947245 ]]
[[0.7419436  0.30380672]
 [0.8315553  0.00130349]
 [0.68267155 0.29991257]
 [0.5122395  0.9497078 ]
 [0.7442201  0.05272396]
 [0.6501087  0.5081298 ]
 [0.38905635 0.38139302]
 [0.6659542  0.35341328]
 [0.6877274  0.19561127]
 [0.86410725 0.04932623]
 [0.9940602  0.99461746]
 [0.59798497 0.26032323]
 [0.5503702  0.32193366]
 [0.6304435  0.40282768]
 [0.5927041  0.3578893 ]
 [0.70774925 0.39296025]
 [0.7392532  0.16580166]
 [0.62723154 0.3119857 ]
 [0.77157587 0.00111442]
 [0.50852394 0.4141238 ]
 [0.5455248  0.99410874]
 [0.47949186 0.99452305]
 [0.34741065 0.3381528 ]
 [0.8048706  0.05111321]
 [0.42637604 0.93402505]
 [0.29785392 0.31052452]
 [0.6539974  0.24898821]
 [0.51229495 0.89191663]]
[[0.7523495  0.3245053 ]
 [0.4609279  0.42076808]
 [0.61518073 0.00274438]
 [0.7619649  0.00158739]
 [0.39843675 0.0885871 ]
 [0.68196267 0.5131891 ]
 [0.8987176  0.2004322 ]
 [0.36886463 0.03245023]
 [0.73829496 0.56645966]
 [0.7613404  0.6202639 ]
 [0.7674623  0.10621106]
 [0.52162635 0.26139748]
 [0.87896335 0.0012496 ]
 [0.7355433  0.6728933 ]
 [0.9098254  0.05435463]
 [0.51126283 0.0037682 ]
 [0.88114166 0.10822561]
 [0.44798854 0.00499885]
 [0.8507076  0.05349723]
 [0.41256356 0.17311473]
 [0.5288719  0.11094248]
 [0.55932707 0.5060914 ]
 [0.68923384 0.6310013 ]
 [0.9369702  0.00104257]
 [0.7296045  0.05343068]
 [0.9685006  0.05341546]
 [0.64765275 0.07056984]
 [0.99392354 0.10788355]
 [0.6753123  0.5734915 ]
 [0.9948657  0.00119593]
 [0.93064696 0.14645527]]
[[6.08701825e-01 6.29733801e-01]
 [9.95513946e-02 7.67011285e-01]
 [1.77851832e-03 9.94187474e-01]
 [2.69082785e-01 9.93996620e-01]
 [5.82260370e-01 8.28300297e-01]
 [1.05442725e-01 8.44104290e-01]
 [5.73201629e-04 7.85199940e-01]
 [4.93667930e-01 9.93742645e-01]
 [1.24623880e-01 7.05033422e-01]
 [8.34520906e-02 9.36070561e-01]
 [5.81349293e-03 6.78949416e-01]
 [5.35404310e-02 8.11939180e-01]
 [1.16540468e-03 6.11578524e-01]
 [5.21811664e-01 8.47413599e-01]
 [4.90736425e-01 7.63726354e-01]
 [3.31915945e-01 9.94384646e-01]
 [5.90260737e-02 1.09732896e-03]
 [3.20572436e-01 9.06391680e-01]
 [6.09326065e-02 6.22927904e-01]
 [1.12673372e-03 2.30616834e-02]
 [9.39063902e-04 8.45723808e-01]
 [3.33120614e-01 4.41267574e-03]
 [2.29878694e-01 6.74161911e-01]
 [6.25443533e-02 9.92926896e-01]
 [4.30645019e-01 7.86030352e-01]
 [3.95969123e-01 1.42094132e-03]
 [4.09257859e-02 7.41640329e-01]
 [4.05864954e-01 9.92637098e-01]
 [1.75395384e-01 9.94091749e-01]
 [9.94588554e-01 9.94596064e-01]
 [1.76729217e-01 6.41037762e-01]
 [4.38994691e-02 8.88818324e-01]
 [1.32155910e-01 8.99492145e-01]
 [1.77979097e-03 8.44841674e-02]]
[[3.4318167e-01 3.6621469e-01]
 [2.6124129e-01 5.9436675e-04]
 [1.6628236e-01 7.6224869e-01]
 [1.1970707e-01 8.6199892e-01]
 [1.3481552e-03 6.6849209e-02]
 [2.3007548e-01 8.9968836e-01]
 [4.1014954e-01 3.7425891e-01]
 [2.7884743e-03 9.2715544e-01]
 [9.9462605e-01 2.5013772e-01]
 [9.9463594e-01 6.3417591e-02]
 [1.6336901e-01 9.0564847e-01]
 [6.1030447e-02 8.4507179e-01]
 [3.7153479e-01 4.2922539e-01]
 [2.9939413e-01 5.1759690e-02]
 [3.2873663e-01 9.9435431e-01]
 [4.4735357e-01 3.1791607e-01]
 [1.0221989e-01 7.9428589e-01]
 [3.9337236e-01 9.9469513e-01]
 [1.8115538e-01 8.4149319e-01]
 [1.4647400e-01 9.9322736e-01]
 [2.2734223e-01 7.9521471e-01]
 [1.0231918e-03 9.5591194e-04]
 [3.0473524e-01 4.2283776e-01]
 [1.6923995e-03 9.9286538e-01]
 [3.7706521e-01 3.0674365e-01]
 [1.8755595e-04 8.4366012e-01]
 [6.7094952e-02 2.3245416e-03]
 [9.9463904e-01 7.7294477e-04]
 [3.4952199e-01 9.3193668e-01]
 [2.6328090e-01 9.9385595e-01]
 [9.9485266e-01 1.2646069e-01]]
[[0.6434789  0.06683238]
 [0.0021512  0.41452754]
 [0.37576458 0.37429497]
 [0.32479942 0.9943803 ]
 [0.6422736  0.3450276 ]
 [0.35772395 0.93250936]
 [0.49635905 0.40781593]
 [0.57767045 0.3238064 ]
 [0.8840534  0.00154835]
 [0.56327873 0.19896415]
 [0.4609212  0.28000215]
 [0.42816663 0.9350328 ]
 [0.51586765 0.34427357]
 [0.06430697 0.38036323]
 [0.42971647 0.41321772]
 [0.46285415 0.9947096 ]
 [0.49178687 0.21985543]
 [0.59143347 0.2621719 ]
 [0.5307234  0.4845258 ]
 [0.3936451  0.99448836]
 [0.44939217 0.3503782 ]
 [0.99474275 0.00124819]
 [0.46451452 0.469582  ]
 [0.630828   0.1912514 ]
 [0.39447212 0.3085601 ]
 [0.06285553 0.30574885]
 [0.00143964 0.34218246]
 [0.99445873 0.0661476 ]
 [0.39224526 0.4705614 ]
 [0.9385855  0.03493449]
 [0.74279577 0.09887853]
 [0.5640682  0.38902345]
 [0.5301388  0.27947444]
 [0.8185007  0.00379435]
 [0.99446    0.1323833 ]]
[[8.00039530e-01 1.65280536e-01]
 [9.12103117e-01 2.45000824e-01]
 [9.28707063e-01 1.71777280e-03]
 [8.60561967e-01 1.97899640e-01]
 [4.13355194e-02 2.23001704e-01]
 [9.95063245e-01 7.09320158e-02]
 [9.94681239e-01 3.28266203e-01]
 [9.53723848e-01 3.84547651e-01]
 [8.62702906e-01 1.25190814e-03]
 [9.94161487e-01 4.38749045e-01]
 [1.00759186e-01 7.05702066e-01]
 [9.68899310e-01 2.05379084e-01]
 [7.10243046e-01 2.95206368e-01]
 [5.96557334e-02 6.78466707e-02]
 [1.74957700e-03 1.02248214e-01]
 [9.93316472e-01 5.64863503e-01]
 [7.94919193e-01 7.30501935e-02]
 [1.27550691e-01 6.92075267e-02]
 [1.74607635e-02 6.05293989e-01]
 [1.27294064e-01 1.33106473e-03]
 [8.62082243e-01 6.92344084e-02]
 [3.39517300e-03 2.89534718e-01]
 [1.00498507e-03 3.41711268e-02]
 [7.72633255e-01 2.64492363e-01]
 [9.28934276e-01 6.83641508e-02]
 [6.96999371e-01 2.20144257e-01]
 [5.88146448e-02 9.81970225e-04]
 [7.94969797e-01 1.65603217e-03]
 [1.61959999e-03 1.68664113e-01]
 [8.30671549e-01 4.33772266e-01]
 [4.46141288e-02 6.68341935e-01]
 [9.94442582e-01 1.11229427e-03]]
[[5.7765239e-01 1.2421209e-03]
 [2.6958913e-01 9.9405074e-01]
 [1.4168725e-03 6.9286466e-01]
 [7.2421566e-02 9.9310303e-01]
 [6.1450273e-01 6.0636301e-02]
 [6.8714619e-01 6.1953958e-02]
 [5.7226193e-01 9.3108231e-01]
 [4.2007279e-01 8.6258519e-01]
 [4.6601212e-01 9.9284029e-01]
 [7.2274750e-01 1.0068731e-03]
 [5.7709920e-01 1.2023027e-01]
 [4.4248131e-01 7.2384363e-01]
 [3.6520103e-01 9.0994388e-01]
 [4.9545196e-01 8.6381751e-01]
 [6.0726762e-01 9.9225831e-01]
 [5.3964078e-01 5.9852526e-02]
 [4.2950678e-01 9.3395233e-01]
 [9.3135458e-01 9.4120628e-01]
 [6.5146589e-01 1.2398050e-01]
 [2.7847359e-01 9.2183232e-01]
 [6.5096563e-01 9.8203472e-04]
 [3.9713964e-01 9.9433142e-01]
 [8.3700889e-01 9.2883551e-01]
 [4.9544203e-01 7.9378885e-01]
 [4.2161360e-01 7.9007816e-01]
 [6.1169904e-01 1.8384932e-01]
 [7.5984192e-01 6.3055769e-02]
 [3.3309162e-01 9.7082859e-01]
 [2.0706332e-03 9.2206997e-01]
 [5.0227511e-01 9.3375540e-01]
 [5.3647476e-01 9.9468058e-01]]
[[4.4753313e-01 4.1731605e-01]
 [4.4494733e-01 1.4137618e-03]
 [3.4524688e-01 4.7409996e-01]
 [4.0678042e-01 5.4359758e-01]
 [2.8643548e-01 5.1978427e-01]
 [1.5465046e-03 4.9191776e-01]
 [6.7522995e-02 3.8309231e-01]
 [2.0883954e-03 3.4667289e-01]
 [9.9438095e-01 3.2877335e-01]
 [4.7961342e-01 5.5520654e-01]
 [9.9464422e-01 4.0311092e-01]
 [9.9458265e-01 4.7730327e-01]
 [7.3494598e-02 9.9471468e-01]
 [6.5621048e-02 4.5608070e-01]
 [1.5193932e-01 9.1863143e-01]
 [2.1698017e-01 9.9443740e-01]
 [3.4354004e-01 5.7423759e-01]
 [5.5354977e-01 5.5715203e-01]
 [4.4577995e-01 4.8646212e-01]
 [6.8344153e-02 5.2982700e-01]
 [1.0591638e-03 5.6382054e-01]
 [9.7874133e-04 4.1960964e-01]
 [4.7457686e-01 3.4766531e-01]
 [3.8572001e-01 3.7444958e-01]
 [1.4673491e-01 5.5124605e-01]
 [1.4522789e-01 9.9480331e-01]
 [1.1882071e-03 6.3641548e-01]
 [5.2012604e-01 4.1138002e-01]
 [1.8008472e-03 9.9345332e-01]
 [5.9120339e-01 4.9329063e-01]
 [4.0244767e-01 6.1723948e-01]
 [5.9420586e-01 4.1658819e-01]]
[[0.539185   0.674385  ]
 [0.3785043  0.82049257]
 [0.00139477 0.9192172 ]
 [0.00133589 0.41709962]
 [0.30221894 0.99371994]
 [0.3735153  0.97636664]
 [0.30407044 0.8206547 ]
 [0.16673091 0.68018043]
 [0.44649327 0.99422246]
 [0.09345003 0.5947692 ]
 [0.07609208 0.91776764]
 [0.00625813 0.5656289 ]
 [0.23341085 0.842404  ]
 [0.00108405 0.99390256]
 [0.13405116 0.47043923]
 [0.26098695 0.7607405 ]
 [0.5297077  0.47637206]
 [0.22009902 0.99366254]
 [0.48780984 0.20633098]
 [0.41404736 0.19007787]
 [0.48781177 0.5728727 ]
 [0.36909345 0.7454905 ]
 [0.00111406 0.49186045]
 [0.29733154 0.89583194]
 [0.00390376 0.34436953]
 [0.06361853 0.45395485]
 [0.06815337 0.5262515 ]
 [0.07295918 0.9946113 ]
 [0.47313276 0.84908104]
 [0.14520842 0.99446285]
 [0.10964262 0.3975574 ]
 [0.56048113 0.1976095 ]
 [0.99463993 0.92107105]]
[[2.5858977e-01 7.9161501e-01]
 [6.2565845e-01 2.7109885e-01]
 [9.9481606e-01 5.9599048e-01]
 [7.4121393e-02 8.9525855e-01]
 [9.9510288e-01 5.2115679e-01]
 [8.3974463e-01 5.8851004e-01]
 [2.1090540e-01 7.3070586e-01]
 [4.6859634e-01 1.5131176e-01]
 [2.8467232e-01 1.3132670e-03]
 [4.4330344e-01 1.1250480e-03]
 [2.1522972e-01 8.5601062e-01]
 [2.9442719e-01 8.6012894e-01]
 [9.0064520e-01 5.2380073e-01]
 [2.8926604e-03 7.8083944e-01]
 [1.3239844e-01 9.4202596e-01]
 [9.9480850e-01 7.3164874e-01]
 [7.7226415e-02 9.9401718e-01]
 [5.3681526e-04 8.9235896e-01]
 [4.4507396e-01 7.7529795e-02]
 [3.1058627e-01 9.3536085e-01]
 [3.6445883e-01 8.0987237e-02]
 [3.6409482e-01 1.4258395e-03]
 [8.7843549e-01 6.6559196e-01]
 [6.8065101e-01 2.1901095e-01]
 [2.6242733e-01 9.9504405e-01]
 [2.7426773e-01 6.3827759e-01]
 [2.2214112e-01 9.3062931e-01]
 [9.1753203e-01 5.9863162e-01]
 [1.3670021e-01 7.5866991e-01]
 [1.4176302e-01 8.6535871e-01]
 [1.8521678e-01 9.9552894e-01]
 [1.5206642e-03 9.9080616e-01]
 [9.4752109e-01 4.6312296e-01]]
[[0.99400556 0.15302227]
 [0.00111665 0.9943101 ]
 [0.10227484 0.00174561]
 [0.92989874 0.4537026 ]
 [0.92845136 0.5339756 ]
 [0.9948001  0.5754811 ]
 [0.7966911  0.4537241 ]
 [0.72250354 0.5110954 ]
 [0.00124614 0.7434376 ]
 [0.9946493  0.41302425]
 [0.7756607  0.38020995]
 [0.4997658  0.52478796]
 [0.7695704  0.30104   ]
 [0.8638602  0.4093686 ]
 [0.99494785 0.49311087]
 [0.02448384 0.00117519]
 [0.00124049 0.66316414]
 [0.863228   0.49392954]
 [0.59295034 0.51980853]
 [0.15353408 0.99466693]
 [0.49304104 0.44164854]
 [0.7000953  0.3527837 ]
 [0.91477066 0.07352333]
 [0.99490726 0.07659808]
 [0.99466664 0.23033245]
 [0.23355311 0.99403524]
 [0.18202159 0.00118207]
 [0.70809156 0.43341762]
 [0.7955764  0.5355135 ]
 [0.5704479  0.4458138 ]
 [0.99394554 0.00100428]]
[[9.9451369e-01 8.0540204e-01]
 [9.3940926e-01 6.6108048e-01]
 [8.4522732e-02 4.0798422e-02]
 [9.9488115e-01 9.9461836e-01]
 [9.9440944e-01 5.9971285e-01]
 [9.5233013e-04 4.7889578e-01]
 [2.1425444e-01 2.6895285e-01]
 [7.5332448e-02 5.1276916e-01]
 [1.2794596e-01 1.3573074e-01]
 [1.3716249e-01 2.9778230e-01]
 [4.9097958e-01 3.9545298e-01]
 [9.9454027e-01 5.0425428e-01]
 [6.9535634e-04 3.2060018e-01]
 [5.1730549e-01 5.4618299e-01]
 [7.4463323e-02 4.3270665e-01]
 [9.7036123e-04 2.2191629e-01]
 [1.7820257e-03 3.9918303e-01]
 [5.7024372e-01 4.8718607e-01]
 [9.9437654e-01 7.2255909e-01]
 [4.1386586e-01 3.7070411e-01]
 [6.4953744e-01 4.6745718e-01]
 [5.7319510e-01 4.0453106e-01]
 [1.5161446e-01 4.5817950e-01]
 [2.1033960e-03 5.1939487e-02]
 [9.1246873e-01 5.7793194e-01]
 [1.5385211e-01 2.1393074e-01]
 [9.1158849e-01 9.1277409e-01]
 [4.1149076e-02 1.2329018e-01]
 [9.1231239e-01 9.9446851e-01]
 [7.6320924e-02 3.5206133e-01]
 [8.5748565e-01 6.7556810e-01]
 [1.5520416e-01 3.7692070e-01]
 [6.1414920e-02 2.7318025e-01]
 [7.5451158e-02 1.9661273e-01]
 [9.9474621e-01 9.1272748e-01]]
[[5.0990707e-01 4.9826264e-01]
 [9.9428266e-01 9.9451029e-01]
 [4.7441760e-01 6.5682256e-01]
 [5.9169489e-01 5.0476879e-01]
 [1.2390676e-03 6.9854867e-01]
 [4.6670860e-01 9.2983413e-01]
 [9.2003226e-01 7.7906139e-02]
 [9.9456650e-01 9.1341686e-01]
 [9.9447411e-01 4.3769488e-01]
 [6.2589872e-01 5.8044660e-01]
 [8.3115590e-01 9.9428040e-01]
 [9.1939020e-01 1.5757731e-01]
 [4.6271530e-01 5.7525766e-01]
 [9.1316646e-01 9.9323416e-01]
 [6.1236173e-01 7.2802317e-01]
 [5.2754998e-01 7.2090667e-01]
 [5.4430836e-01 5.7429880e-01]
 [7.4071623e-02 7.4091440e-01]
 [9.1844344e-01 3.2053316e-01]
 [8.6763209e-01 1.6307769e-02]
 [9.1980273e-01 2.3858631e-01]
 [9.9183285e-01 8.3156437e-01]
 [9.9474835e-01 3.5506234e-01]
 [9.4916415e-01 9.8150375e-04]
 [6.4338869e-01 1.5208097e-01]
 [9.1136992e-01 9.1030014e-01]
 [5.7338142e-01 6.5112531e-01]
 [9.9379009e-01 2.7337182e-01]
 [1.2064081e-03 7.8474075e-01]
 [5.1888382e-01 9.9302721e-01]
 [9.9423140e-01 1.9222176e-01]
 [6.8339437e-01 2.2428499e-01]
 [8.3876115e-01 1.5962029e-01]
 [9.9425304e-01 1.1096812e-01]
 [6.5595073e-01 6.5732265e-01]]
[[0.9948612  0.9947447 ]
 [0.9780824  0.0011046 ]
 [0.91111076 0.75649244]
 [0.48402783 0.6957407 ]
 [0.40457544 0.9910602 ]
 [0.99402916 0.28150374]
 [0.9949192  0.19640878]
 [0.85907215 0.00107578]
 [0.9142598  0.0611232 ]
 [0.49175197 0.9944832 ]
 [0.911034   0.9944331 ]
 [0.00186767 0.86361784]
 [0.6266619  0.99409056]
 [0.66605103 0.18245801]
 [0.536723   0.7604965 ]
 [0.9948715  0.08621255]
 [0.99364275 0.7423835 ]
 [0.5940474  0.2251872 ]
 [0.7588234  0.08495367]
 [0.8261264  0.9940375 ]
 [0.9313209  0.14521709]
 [0.42875698 0.63401735]
 [0.9944044  0.9121278 ]
 [0.53805035 0.00148182]
 [0.3341531  0.00287364]
 [0.848669   0.11673559]
 [0.60461825 0.0554171 ]
 [0.8766826  0.8332193 ]
 [0.77684695 0.00305585]]
[[9.9394184e-01 7.9278296e-01]
 [6.1116421e-01 9.0215307e-01]
 [1.1606275e-03 9.0696222e-01]
 [5.2759445e-01 9.2527407e-01]
 [1.5035284e-03 1.7232148e-01]
 [4.1430181e-01 9.5744885e-04]
 [2.8984427e-01 1.7558469e-03]
 [3.7113827e-01 6.3600230e-01]
 [1.1684533e-03 3.4542930e-01]
 [4.7932667e-01 7.5075084e-01]
 [1.1746656e-03 8.6348340e-02]
 [4.1091976e-01 8.1510049e-01]
 [5.5585176e-01 7.9645377e-01]
 [3.8478822e-01 9.9470514e-01]
 [3.1751394e-01 5.6506169e-01]
 [5.0238800e-01 2.5500229e-03]
 [1.1582602e-03 9.9431860e-01]
 [5.7810313e-01 9.9431938e-01]
 [4.8604009e-01 8.5174870e-01]
 [3.7207681e-01 7.4134451e-01]
 [1.1043168e-03 9.9235121e-04]
 [6.4248300e-01 8.1962585e-01]
 [2.0100236e-01 1.5116958e-03]
 [8.8939585e-02 1.1896282e-03]
 [1.1369415e-03 2.5843003e-01]
 [4.2534283e-01 8.9539118e-02]
 [3.4297544e-01 9.1664428e-01]
 [4.0984675e-01 5.5278689e-01]
 [4.7762662e-01 9.9436206e-01]
 [4.3517050e-01 9.2182779e-01]]
[[5.31767309e-01 4.81995314e-01]
 [9.09299016e-01 9.58743393e-01]
 [5.39229751e-01 5.72030544e-01]
 [6.67596281e-01 6.07049227e-01]
 [7.43511200e-01 6.61099792e-01]
 [4.13578153e-01 4.62151855e-01]
 [2.70064431e-03 7.47180805e-02]
 [9.94620264e-01 8.15772951e-01]
 [6.20256782e-01 5.31389832e-01]
 [7.13422418e-01 5.29926658e-01]
 [1.10372610e-01 2.18989044e-01]
 [2.95581054e-02 4.10123885e-01]
 [1.05043456e-01 5.72911680e-01]
 [9.94620144e-01 9.94807363e-01]
 [9.13593650e-01 8.65681529e-01]
 [9.94743407e-01 9.07821834e-01]
 [1.76735356e-01 5.12584209e-01]
 [1.39174634e-03 4.97979730e-01]
 [8.75452009e-04 7.92523086e-01]
 [1.22370377e-01 4.02276993e-01]
 [5.84935963e-01 6.47648096e-01]
 [8.95614326e-02 4.85164940e-01]
 [8.36176455e-01 6.73038304e-01]
 [3.46558029e-03 5.89256585e-01]
 [1.89327389e-01 5.99957049e-01]
 [5.09133674e-02 1.54042989e-01]
 [4.58010465e-01 5.38894653e-01]
 [7.25770712e-01 7.54452348e-01]
 [1.08275592e-01 6.58981979e-01]
 [6.61156356e-01 6.93484604e-01]]
[[1.8327598e-01 8.5838175e-01]
 [9.9376804e-01 9.9434209e-01]
 [9.9479145e-01 4.9167961e-01]
 [9.1805488e-01 5.3945476e-01]
 [9.3287557e-01 8.6879857e-02]
 [2.9842335e-01 9.9443072e-01]
 [1.2672830e-03 9.9389982e-01]
 [9.8739006e-04 4.2249033e-01]
 [8.6776841e-01 1.9310664e-01]
 [8.4606701e-01 4.8460937e-01]
 [9.9382532e-01 5.9106004e-01]
 [4.8575005e-01 9.9350393e-01]
 [3.4954838e-02 7.7854598e-01]
 [8.6822671e-01 6.1582488e-01]
 [8.6267507e-01 3.7091085e-01]
 [1.2791228e-01 7.8389490e-01]
 [9.2748888e-02 6.0474122e-01]
 [9.5350295e-01 2.2627838e-01]
 [3.9257413e-01 9.9473590e-01]
 [1.0745728e-03 6.9491911e-01]
 [9.9368733e-01 2.4458554e-03]
 [3.4956360e-01 9.1340798e-01]
 [8.3378263e-02 4.7084397e-01]
 [8.1210691e-01 9.9464893e-01]
 [7.8723216e-01 4.1768768e-01]
 [2.5864249e-01 9.0838498e-01]
 [9.0377611e-01 9.9425143e-01]
 [8.8891971e-01 2.8621998e-01]
 [7.9756224e-01 3.0218464e-01]
 [9.9528289e-01 1.4876249e-01]
 [2.0573282e-01 9.8585480e-01]
 [9.5079720e-01 3.5064676e-01]
 [9.2871074e-04 6.0460472e-01]
 [1.8149426e-03 5.1372981e-01]]
[[9.7680688e-01 1.8946964e-01]
 [9.9453491e-01 9.9445575e-01]
 [7.9346545e-02 5.9563112e-01]
 [9.1879100e-01 8.4745508e-01]
 [5.0626647e-01 4.0178764e-01]
 [9.0762597e-01 2.5546062e-01]
 [7.0488626e-01 5.6005466e-01]
 [8.1170201e-01 9.9443716e-01]
 [9.8874618e-04 6.4250886e-01]
 [1.3960876e-03 7.3673952e-01]
 [8.3576488e-01 3.1229824e-01]
 [7.8740788e-01 4.9325535e-01]
 [4.9815457e-02 8.0844171e-02]
 [6.9723839e-01 4.6272415e-01]
 [6.7793381e-01 3.6800563e-01]
 [6.2058389e-01 5.1666433e-01]
 [5.9969300e-01 4.2332271e-01]
 [1.0777594e-03 1.6177662e-01]
 [1.0167910e-03 9.6559775e-04]
 [8.5502803e-01 9.1348797e-01]
 [9.0339458e-01 9.9481434e-01]
 [1.1561896e-03 9.9431658e-01]
 [1.6679221e-01 6.2134743e-01]
 [9.3928981e-01 3.6332166e-01]
 [7.1956772e-01 9.9444610e-01]
 [9.0334006e-02 6.8594021e-01]
 [9.9441302e-01 7.9430658e-01]
 [9.7508281e-02 9.9288148e-04]
 [1.7262466e-03 5.4706287e-01]
 [9.9480796e-01 9.0223914e-01]
 [7.9487503e-01 5.8867306e-01]
 [5.2932060e-01 4.9270338e-01]
 [9.9498683e-01 2.7760944e-01]
 [9.2398095e-01 1.1683534e-01]]
[[0.683077   0.21152152]
 [0.7242741  0.5892284 ]
 [0.00110216 0.8998855 ]
 [0.70561063 0.08542833]
 [0.88556194 0.8234956 ]
 [0.5642456  0.38071257]
 [0.8179871  0.34129256]
 [0.00103994 0.80412537]
 [0.99352986 0.9940929 ]
 [0.08565687 0.85193694]
 [0.9024302  0.29374334]
 [0.81074536 0.24361   ]
 [0.73206186 0.29292983]
 [0.7339331  0.38939625]
 [0.5657334  0.4815344 ]
 [0.70776975 0.49869812]
 [0.6278082  0.5557427 ]
 [0.60247415 0.25931036]
 [0.6510019  0.3378308 ]
 [0.6233281  0.13680579]
 [0.64800227 0.65079623]
 [0.9051776  0.10367639]
 [0.00129407 0.9947936 ]
 [0.70763075 0.7275761 ]
 [0.60814077 0.02105607]
 [0.08433466 0.9488321 ]
 [0.78417724 0.6595656 ]
 [0.8276453  0.74314165]
 [0.7629967  0.16169822]
 [0.89184433 0.19712128]
 [0.16859742 0.99483   ]
 [0.54125786 0.18659304]
 [0.64513165 0.43034795]]
[[0.40688008 0.31058943]
 [0.00155346 0.80373544]
 [0.00130502 0.7074084 ]
 [0.9107932  0.6410244 ]
 [0.6783532  0.6646024 ]
 [0.91606385 0.94424856]
 [0.7754106  0.6221494 ]
 [0.00152435 0.89932853]
 [0.8276414  0.7040204 ]
 [0.6519664  0.00126052]
 [0.1018868  0.62267864]
 [0.9949427  0.8887264 ]
 [0.82860506 0.9093707 ]
 [0.9950152  0.7913925 ]
 [0.55086184 0.00127309]
 [0.25524437 0.34402806]
 [0.69169533 0.5667853 ]
 [0.99518067 0.6853941 ]
 [0.32977277 0.48815784]
 [0.6020693  0.08770776]
 [0.57741135 0.52131504]
 [0.91607636 0.7385172 ]
 [0.00161241 0.6110494 ]
 [0.09442633 0.76995164]
 [0.37448794 0.40390897]
 [0.88456434 0.8294056 ]
 [0.64470994 0.770193  ]
 [0.00131752 0.9950627 ]
 [0.7879449  0.82317317]
 [0.7387869  0.74127626]
 [0.50100636 0.08742128]
 [0.44968605 0.00134731]
 [0.99545646 0.99481505]
 [0.24788292 0.43913645]
 [0.78136617 0.99294555]]
[[4.48998004e-01 9.91338566e-02]
 [3.25890660e-01 9.57172737e-02]
 [8.49037468e-02 9.41834569e-01]
 [6.75227866e-02 7.34298229e-01]
 [1.57035619e-01 6.78398132e-01]
 [8.13818187e-04 6.61669612e-01]
 [2.05073774e-01 1.01594560e-01]
 [4.12752328e-04 8.92772377e-01]
 [9.68252271e-02 1.84989825e-03]
 [1.01008378e-01 1.02846235e-01]
 [4.42994505e-01 7.72871077e-01]
 [4.52432334e-01 8.69884610e-01]
 [1.67122200e-01 9.95109260e-01]
 [1.11263862e-03 1.02950007e-01]
 [4.83101130e-01 1.33644731e-03]
 [1.33022619e-03 4.59334701e-01]
 [6.79159403e-01 1.66550255e-03]
 [2.66193300e-01 9.93509889e-01]
 [6.06730700e-01 7.41459131e-01]
 [5.80323160e-01 2.00052070e-03]
 [6.24450445e-01 9.94977713e-01]
 [2.89670557e-01 1.02675729e-03]
 [1.03899126e-03 5.59971392e-01]
 [3.86242121e-01 1.19464926e-03]
 [8.75053853e-02 6.07716024e-01]
 [1.93225697e-01 1.33357733e-03]
 [1.68350220e-01 8.86798203e-01]
 [8.01693797e-02 8.37794483e-01]
 [5.09040534e-01 7.00882554e-01]
 [1.12879265e-03 9.95114625e-01]
 [3.79825273e-04 1.02751330e-03]
 [7.11925089e-01 9.48442459e-01]]
[[5.01289189e-01 9.94091630e-01]
 [9.10201490e-01 5.89562878e-02]
 [6.11325264e-01 1.18827641e-01]
 [5.75227559e-01 2.12357327e-01]
 [2.61444598e-01 8.51066411e-01]
 [9.94863391e-01 1.15934957e-03]
 [6.82834804e-01 1.90997824e-01]
 [6.69161499e-01 2.90444046e-01]
 [1.09571405e-03 9.95072007e-01]
 [4.71885800e-01 2.09439129e-01]
 [7.31279194e-01 4.20534721e-04]
 [3.98473084e-01 9.94434655e-01]
 [5.11235356e-01 3.98325771e-01]
 [9.94504452e-01 8.91261339e-01]
 [8.17357302e-01 1.04508385e-01]
 [3.76565337e-01 2.48905972e-01]
 [9.95338738e-01 1.09415941e-01]
 [1.13072817e-03 8.94377112e-01]
 [5.78886449e-01 2.28834711e-02]
 [1.18891918e-03 7.92902708e-01]
 [5.12386918e-01 1.18188009e-01]
 [4.79015887e-01 1.38635212e-03]
 [6.33834004e-01 3.85532409e-01]
 [9.93373394e-01 2.09016100e-01]
 [4.17173386e-01 8.94778892e-02]
 [3.70927274e-01 1.00338541e-03]
 [4.60439920e-01 3.10395986e-01]
 [9.94688094e-01 9.94650543e-01]
 [9.94381487e-01 3.11360836e-01]
 [8.30286622e-01 7.81417242e-04]]
[[8.90717030e-01 9.94874895e-01]
 [3.80212367e-01 2.36405373e-01]
 [1.58735737e-01 2.12868005e-01]
 [3.85551244e-01 1.01039097e-01]
 [2.84649163e-01 8.08452815e-02]
 [3.44276428e-01 5.09782440e-05]
 [2.77879149e-01 4.69835550e-01]
 [7.90877491e-02 1.20378114e-01]
 [2.33770087e-01 3.75878930e-01]
 [1.01270944e-01 3.09637777e-04]
 [5.46411455e-01 1.15888123e-03]
 [9.95301783e-01 9.94825423e-01]
 [6.47760212e-01 3.27207759e-04]
 [7.85411894e-01 9.92959559e-01]
 [3.35070819e-01 3.39243948e-01]
 [7.49710262e-01 5.72015240e-04]
 [8.95469129e-05 1.23515935e-03]
 [4.45286751e-01 1.13825710e-03]
 [2.53324807e-01 1.76176041e-01]
 [3.65137637e-01 5.29717028e-01]
 [3.91606331e-01 4.27114099e-01]
 [6.94761932e-01 9.13507044e-02]
 [1.34868890e-01 3.12096000e-01]
 [8.87758970e-01 8.87226105e-01]
 [9.94461298e-01 8.87543976e-01]
 [5.91639578e-01 9.50889587e-02]
 [8.52555931e-01 1.10203365e-03]
 [5.51871955e-01 9.94285941e-01]
 [2.53587157e-01 2.76730716e-01]
 [3.68978916e-04 1.87134743e-01]
 [4.70032305e-01 4.98986423e-01]
 [4.88491476e-01 9.67224687e-02]
 [7.97987878e-01 9.23780203e-02]
 [1.38453275e-01 4.17490691e-01]
 [1.98889107e-01 2.69181915e-02]]
[[0.61005294 0.9075574 ]
 [0.0014337  0.5988522 ]
 [0.90076536 0.64565974]
 [0.88891757 0.87810755]
 [0.5589838  0.99581915]
 [0.2957551  0.89948475]
 [0.24585061 0.99455947]
 [0.99414563 0.37653795]
 [0.40200958 0.900672  ]
 [0.00112834 0.4803875 ]
 [0.6803313  0.7323051 ]
 [0.67307204 0.99493766]
 [0.00308993 0.71704155]
 [0.23461887 0.7983356 ]
 [0.16427104 0.3677501 ]
 [0.09237956 0.65610325]
 [0.8989492  0.5395763 ]
 [0.9948722  0.7977116 ]
 [0.9496269  0.9956476 ]
 [0.9923756  0.4839212 ]
 [0.5071926  0.9060635 ]
 [0.19983    0.65802246]
 [0.13336743 0.7565238 ]
 [0.35125387 0.99480814]
 [0.35189015 0.805799  ]
 [0.20489566 0.54719603]
 [0.89691716 0.7531881 ]
 [0.9954115  0.9020531 ]
 [0.9949711  0.6931403 ]
 [0.05915412 0.39088997]
 [0.45598224 0.9955962 ]
 [0.9948274  0.5886115 ]
 [0.1327829  0.469128  ]]
[[1.5177554e-01 1.9809581e-01]
 [2.6150343e-01 9.4082855e-02]
 [8.5217209e-04 3.3822379e-01]
 [6.9595850e-01 5.1093447e-01]
 [1.5526240e-01 9.1887049e-02]
 [6.5125906e-01 4.0976530e-01]
 [9.9485177e-01 9.9469805e-01]
 [5.8549851e-01 4.9676165e-01]
 [4.5380396e-01 3.3964488e-01]
 [4.0442064e-01 4.3438938e-01]
 [3.6717173e-01 2.0044844e-01]
 [4.1998121e-01 1.2526985e-03]
 [6.7468017e-04 2.3379253e-01]
 [2.0312901e-01 2.9205763e-01]
 [5.2704072e-01 1.4963469e-03]
 [6.2875015e-01 5.9777373e-01]
 [9.2851311e-02 3.9176270e-01]
 [6.9280511e-01 6.8543404e-01]
 [1.2659561e-03 5.4870254e-01]
 [1.9810286e-01 3.9920264e-01]
 [3.1232402e-01 1.6568513e-03]
 [5.7451341e-02 1.4581835e-01]
 [4.9703491e-01 5.6042331e-01]
 [9.9386066e-01 1.2897714e-03]
 [8.8738072e-01 9.9428958e-01]
 [9.9430054e-01 1.0951662e-01]
 [9.3010888e-02 2.8644007e-01]
 [3.0430576e-01 3.9770046e-01]
 [2.5886348e-01 2.0007426e-01]
 [3.6883858e-01 9.4111368e-02]
 [6.3484448e-01 1.3232100e-03]
 [9.5921080e-04 4.4309321e-01]]
[[1.23151392e-03 9.94497240e-01]
 [9.94684219e-01 3.24381232e-01]
 [1.49825513e-01 6.36692047e-01]
 [9.94573474e-01 4.34162378e-01]
 [9.95575309e-01 7.97339599e-04]
 [8.23448062e-01 5.59292197e-01]
 [3.49963665e-01 6.17446005e-01]
 [4.25251722e-01 5.40974855e-01]
 [6.41785145e-01 8.49616706e-01]
 [6.33068323e-01 6.94528103e-01]
 [7.11499631e-01 6.18127048e-01]
 [7.05243051e-01 2.54613489e-01]
 [2.55537838e-01 6.68206394e-01]
 [8.07564259e-01 3.09293121e-01]
 [2.06611767e-01 9.05799806e-01]
 [7.57998377e-02 7.85655797e-01]
 [7.83134162e-01 1.78487077e-01]
 [1.47858396e-01 9.96428370e-01]
 [8.87493789e-01 2.88118899e-04]
 [2.28945076e-01 5.58818996e-01]
 [5.61256289e-01 7.76926517e-01]
 [1.65074161e-04 8.61933231e-01]
 [9.76374686e-01 1.07273631e-01]
 [9.96247768e-01 2.15086803e-01]
 [8.60795319e-01 1.03837885e-01]
 [3.33090931e-01 7.44228840e-01]
 [1.00832582e-01 5.39130390e-01]
 [4.01624918e-01 8.28967571e-01]
 [2.95480222e-01 8.46232653e-01]
 [9.98487547e-02 8.99866104e-01]
 [1.74376205e-01 7.42803037e-01]
 [6.93748713e-01 3.63891423e-01]
 [2.71714538e-01 9.93819892e-01]
 [3.29865903e-01 4.82013613e-01]]
[[0.6466463  0.10461833]
 [0.8690556  0.08428178]
 [0.7366488  0.23735622]
 [0.11806665 0.89476675]
 [0.8294609  0.29943624]
 [0.9895517  0.5433952 ]
 [0.8589342  0.79761195]
 [0.4700725  0.00155296]
 [0.69009393 0.00111962]
 [0.7787469  0.87238103]
 [0.1714984  0.2891303 ]
 [0.8961889  0.6947093 ]
 [0.23749213 0.7088126 ]
 [0.17463706 0.99483407]
 [0.9958715  0.43458638]
 [0.09589451 0.20782289]
 [0.3590999  0.00285269]
 [0.28951436 0.99454916]
 [0.99466515 0.7635244 ]
 [0.1604118  0.7887997 ]
 [0.9962015  0.3255814 ]
 [0.05970858 0.99459577]
 [0.99667853 0.65223664]
 [0.8361824  0.18882321]
 [0.89557654 0.38801527]
 [0.5802736  0.00280977]
 [0.9682169  0.13083448]
 [0.3113179  0.7910563 ]]
[[6.8026978e-01 2.8079611e-04]
 [5.2976614e-01 9.9579453e-01]
 [1.0894471e-03 7.3438865e-04]
 [7.2115272e-01 3.5018900e-01]
 [2.7180386e-01 2.4647914e-01]
 [1.2646274e-03 8.7929708e-01]
 [3.9010647e-01 8.5650218e-01]
 [1.1798118e-03 9.9468017e-01]
 [3.5757568e-01 5.4085061e-02]
 [2.5888988e-01 6.6401146e-04]
 [3.8123110e-01 2.7945590e-01]
 [4.5506397e-01 1.9320209e-01]
 [5.6652039e-01 1.8286919e-04]
 [7.3732311e-01 9.8297752e-02]
 [2.7818108e-01 8.3632195e-01]
 [4.5467910e-01 1.2772894e-04]
 [7.9475337e-01 9.5073902e-04]
 [1.1613320e-01 9.9450046e-01]
 [2.1175878e-01 7.4390304e-01]
 [6.2898791e-01 2.8575885e-01]
 [5.6699133e-01 1.9293357e-01]
 [1.0926378e-03 1.1413608e-01]
 [1.1732731e-03 2.2832276e-01]
 [7.1165633e-01 2.0835130e-01]
 [4.2275599e-01 9.6505624e-01]
 [9.9454957e-01 9.9275726e-01]
 [5.1046401e-01 9.6498922e-02]
 [9.9418747e-01 8.7363660e-01]
 [6.2414491e-01 9.6961223e-02]
 [1.1662673e-01 1.1616264e-01]
 [5.1037347e-01 2.9047307e-01]
 [1.1612355e-01 1.4104772e-03]
 [5.7323587e-01 3.8397074e-01]]
[[6.0187187e-02 6.4851306e-02]
 [4.9958718e-01 1.2066830e-03]
 [2.6369470e-01 3.3108535e-01]
 [2.1044160e-01 2.3199292e-01]
 [8.9607352e-01 7.1027642e-01]
 [6.9051456e-01 4.0219048e-01]
 [7.1919436e-04 3.4316647e-01]
 [6.0309416e-01 4.7855857e-01]
 [2.6925915e-01 1.3238812e-03]
 [3.8413379e-01 1.7707709e-03]
 [8.8790560e-01 5.7445240e-01]
 [9.9509430e-01 6.5146667e-01]
 [7.9414219e-01 7.6709038e-01]
 [8.7753183e-01 1.3255528e-03]
 [6.7796552e-01 5.8513302e-01]
 [8.9435756e-01 8.2779258e-01]
 [9.9525702e-01 5.3567106e-01]
 [8.3698168e-02 4.2102188e-01]
 [8.8704574e-01 3.3767787e-01]
 [6.5441258e-02 2.5009772e-01]
 [1.2805401e-01 1.5608048e-01]
 [7.9932821e-01 6.4724952e-01]
 [9.9508971e-01 3.7513587e-01]
 [1.4967097e-01 3.2839561e-01]
 [7.7741921e-01 3.0390507e-01]
 [6.9745874e-01 7.0156628e-01]
 [9.9491167e-01 1.7064466e-03]
 [9.9498016e-01 7.7018505e-01]
 [6.6300452e-01 2.8508794e-01]
 [1.5470420e-01 8.4599241e-04]
 [7.8108859e-01 5.3193903e-01]]
[[6.88666642e-01 6.81088073e-04]
 [7.69723117e-01 3.71939510e-01]
 [1.72776764e-03 3.51781875e-01]
 [7.04720974e-01 2.74002433e-01]
 [8.56837511e-01 6.04811132e-01]
 [1.04571424e-01 6.15151748e-02]
 [9.22603965e-01 8.57307255e-01]
 [7.32813597e-01 5.82412064e-01]
 [9.03271914e-01 4.63561591e-05]
 [8.90504777e-01 1.13679707e-01]
 [1.28803146e-03 2.34321445e-01]
 [6.32819355e-01 3.70546430e-01]
 [5.18343508e-01 9.94414687e-01]
 [9.43315446e-01 2.15786949e-01]
 [7.95972764e-01 4.58212644e-02]
 [9.97322738e-01 4.18564856e-01]
 [2.05458820e-01 7.41551339e-04]
 [3.24470043e-01 1.29805331e-03]
 [1.95386331e-03 5.46223717e-04]
 [9.95689154e-01 7.65036881e-01]
 [9.62567031e-01 6.52707040e-01]
 [2.58171946e-01 1.07283078e-01]
 [8.71383548e-01 7.30768979e-01]
 [9.40671444e-01 5.21588624e-01]
 [7.58292675e-01 6.97446346e-01]
 [8.82528603e-01 4.04757679e-01]
 [6.99333906e-01 4.68199074e-01]
 [5.71148872e-01 1.34636182e-03]]
[[0.99665904 0.4942072 ]
 [0.08193834 0.9938094 ]
 [0.43320182 0.99421126]
 [0.1993911  0.99514925]
 [0.00176054 0.7523117 ]
 [0.90708005 0.6900053 ]
 [0.7860911  0.56224656]
 [0.8530819  0.4621292 ]
 [0.6456953  0.73524565]
 [0.71568775 0.8302732 ]
 [0.4399174  0.7183861 ]
 [0.45550156 0.5939528 ]
 [0.9053131  0.5710021 ]
 [0.55012494 0.9941684 ]
 [0.7669584  0.9370948 ]
 [0.2794233  0.8807431 ]
 [0.48784408 0.17783764]
 [0.15544015 0.88198054]
 [0.9973782  0.767279  ]
 [0.5477879  0.6691155 ]
 [0.8774786  0.3441026 ]
 [0.9714872  0.8822389 ]
 [0.6827072  0.6218921 ]
 [0.5259472  0.80127144]
 [0.85591847 0.86047024]
 [0.31630984 0.99696726]
 [0.9951687  0.37383398]
 [0.66700387 0.9980681 ]
 [0.34610724 0.6456226 ]
 [0.8062151  0.75317335]
 [0.58360946 0.55347824]
 [0.6089865  0.8890661 ]
 [0.40706688 0.08944563]]
[[1.56214625e-01 4.00862664e-01]
 [2.80330241e-01 3.87642473e-01]
 [2.03078315e-01 2.91287661e-01]
 [5.04168198e-02 3.44258726e-01]
 [6.04484081e-01 9.94062960e-01]
 [1.19328275e-01 7.28964865e-01]
 [2.84494609e-01 4.52788249e-02]
 [7.34460715e-04 7.53426373e-01]
 [6.16446614e-01 5.18265247e-01]
 [4.82779592e-01 9.94624555e-01]
 [2.10226625e-01 5.08762360e-01]
 [9.89277288e-02 2.33716026e-01]
 [2.41044313e-01 9.94342446e-01]
 [1.20663106e-01 9.94523287e-01]
 [1.68291435e-01 9.00096148e-02]
 [9.94990110e-01 6.67059422e-01]
 [9.95400190e-01 7.93129265e-01]
 [3.19426030e-01 2.68522829e-01]
 [2.72614539e-01 6.14648759e-01]
 [4.32300717e-01 4.39373612e-01]
 [9.93775427e-01 9.93679821e-01]
 [3.61723334e-01 9.94518578e-01]
 [4.27588224e-01 1.36065367e-03]
 [1.61530764e-03 6.31207407e-01]
 [1.80411676e-03 8.74488831e-01]
 [5.62902033e-01 4.10254866e-01]
 [8.91448319e-01 7.32745230e-01]
 [4.33654728e-04 9.95407760e-01]
 [2.60177135e-01 1.65639594e-01]
 [9.05936599e-01 8.75025570e-01]
 [4.26557034e-01 3.19509327e-01]
 [3.31187397e-01 5.06155193e-01]]
[[5.5887955e-01 4.1722840e-01]
 [1.0965662e-01 6.0199812e-02]
 [7.8361392e-01 7.0513922e-01]
 [6.2527889e-01 5.2121192e-01]
 [8.6705166e-01 7.9352921e-01]
 [3.8026890e-01 5.5438060e-01]
 [9.0785515e-01 6.7595404e-01]
 [2.7932051e-01 4.8474622e-01]
 [7.4836236e-01 8.2442427e-01]
 [9.9441105e-01 8.2389516e-04]
 [7.1395707e-04 2.8550958e-05]
 [5.0224763e-01 5.3333080e-01]
 [7.4454522e-01 4.7954246e-01]
 [9.9631941e-01 9.9703252e-01]
 [6.5480560e-01 7.4230093e-01]
 [3.6976181e-02 2.3548928e-01]
 [4.5076314e-01 6.5480506e-01]
 [5.3015965e-01 7.5246382e-01]
 [9.9450243e-01 1.2674764e-01]
 [9.4370681e-01 8.8754123e-01]
 [3.3691883e-01 3.2231334e-01]
 [5.7234234e-01 6.3578641e-01]
 [2.2624363e-01 3.7462866e-01]
 [6.9423366e-01 6.2242860e-01]
 [4.6987861e-01 3.3120450e-01]
 [1.2640806e-04 3.6895162e-01]
 [1.5922713e-01 2.0698406e-01]
 [8.7001067e-01 9.9477601e-01]
 [8.1411427e-01 5.8411819e-01]]
[[1.2290185e-01 3.3680236e-01]
 [3.0621445e-01 1.7923494e-01]
 [2.2563049e-01 1.9114740e-04]
 [4.3740037e-01 1.2572277e-01]
 [5.0755113e-02 7.6649445e-01]
 [5.6371522e-01 9.9431998e-01]
 [9.1309234e-02 2.1389143e-01]
 [5.5610496e-01 3.0072048e-01]
 [9.7777171e-04 9.9401498e-01]
 [4.3608603e-01 2.5116140e-01]
 [5.5268955e-01 1.6991954e-01]
 [1.8866134e-01 1.3551095e-01]
 [8.4219669e-04 1.2647381e-01]
 [2.3617379e-01 2.8056321e-01]
 [1.6200942e-03 7.4409554e-04]
 [4.3977875e-01 7.7555662e-05]
 [8.6719269e-01 2.5170115e-03]
 [1.2257537e-03 5.5240226e-01]
 [3.5555568e-01 7.4256569e-01]
 [3.3322427e-01 5.9795037e-02]
 [6.8863138e-04 3.0012086e-01]
 [2.3747930e-01 9.3346626e-01]
 [1.9212711e-01 7.6150209e-01]
 [4.5256579e-01 9.3514234e-01]
 [1.0433026e-03 4.2593965e-01]
 [9.9472964e-01 8.7828975e-04]
 [4.6304393e-01 8.0871886e-01]
 [1.2734503e-01 9.9534971e-01]
 [2.6507100e-01 6.5477353e-01]
 [3.4558243e-01 8.6855900e-01]
 [1.2525776e-01 8.6923277e-01]
 [9.9465680e-01 1.2889595e-01]
 [5.6223840e-01 1.0033832e-03]]
[[1.32294686e-03 7.42719233e-01]
 [5.31134487e-04 2.63180962e-04]
 [1.07044785e-03 8.69287252e-01]
 [8.16376007e-04 6.15938306e-01]
 [1.11221761e-01 9.32909310e-01]
 [9.95807827e-01 4.80959803e-01]
 [2.24640682e-01 8.67102563e-01]
 [3.49442631e-01 9.94669974e-01]
 [5.12092948e-01 1.15238351e-03]
 [6.99955854e-04 9.96138334e-01]
 [1.13511615e-01 6.77153409e-01]
 [1.27075687e-01 4.89897095e-04]
 [1.12832934e-01 8.05152237e-01]
 [3.52524102e-01 8.64531577e-01]
 [2.96733662e-04 1.26099557e-01]
 [3.85252357e-01 1.43071986e-03]
 [1.95154473e-01 1.06799059e-01]
 [8.82202029e-01 5.42732596e-01]
 [2.21619219e-01 9.95442390e-01]
 [2.59430468e-01 9.10310555e-05]
 [1.29172811e-04 2.60076970e-01]
 [7.74971306e-01 6.15403593e-01]
 [1.06181622e-01 1.94097221e-01]
 [6.08243644e-01 7.84527063e-01]
 [2.25466327e-03 4.88420874e-01]
 [5.43847084e-01 9.00028408e-01]
 [4.79834378e-01 7.89908350e-01]
 [9.94814396e-01 6.06460392e-01]
 [9.95268226e-01 2.82566756e-01]]
[[6.0175163e-01 8.4004974e-01]
 [5.3588557e-01 7.2175562e-01]
 [8.2423612e-05 8.1605339e-01]
 [7.9086930e-02 9.1572642e-01]
 [5.0815606e-01 9.5663035e-01]
 [5.4151297e-01 4.9028665e-01]
 [1.9907741e-01 8.7123728e-01]
 [6.0936624e-01 6.0206348e-01]
 [6.6528744e-01 7.1930367e-01]
 [4.8205680e-01 3.5722979e-04]
 [9.2926764e-01 7.9043680e-01]
 [7.1438330e-01 9.0262520e-01]
 [3.7552923e-01 7.2086617e-02]
 [4.0087461e-01 7.2651500e-01]
 [2.3716323e-01 7.1719426e-01]
 [4.7832182e-01 6.0580999e-01]
 [4.3115899e-04 6.8744385e-01]
 [2.2618264e-01 5.6692600e-01]
 [6.2906587e-01 9.9763364e-01]
 [3.8262746e-01 9.3228555e-01]
 [9.9530613e-01 6.7764699e-01]
 [1.8596080e-03 5.5800611e-01]
 [3.1624848e-01 8.2234764e-01]
 [7.7368778e-01 7.8935039e-01]
 [1.2060550e-01 6.4083958e-01]
 [3.4767729e-01 6.1003572e-01]
 [1.7744756e-01 9.9677104e-01]
 [8.6435688e-01 1.3851527e-03]
 [7.3280025e-01 3.1198512e-03]
 [9.9524832e-01 9.0311712e-01]
 [9.9532843e-01 1.2521870e-03]
 [1.1964274e-01 7.7001292e-01]
 [8.0354536e-01 9.9620658e-01]
 [4.7123757e-01 8.3376867e-01]
 [4.0938619e-01 4.9484169e-01]]
[[1.41978383e-01 4.82451856e-01]
 [6.46021605e-01 8.27775538e-01]
 [9.48287427e-01 4.52775866e-01]
 [2.58065581e-01 4.10775072e-04]
 [3.87603074e-01 3.10555857e-04]
 [1.67107984e-01 3.11332643e-01]
 [1.06424198e-01 8.37718844e-01]
 [4.69555944e-01 8.52967381e-01]
 [5.68609118e-01 9.38403606e-01]
 [2.68844336e-01 4.41358000e-01]
 [8.31837714e-01 5.65813005e-01]
 [4.11687016e-01 6.63303494e-01]
 [1.19124696e-01 7.07924962e-01]
 [7.03383703e-03 6.26077235e-01]
 [4.35816586e-01 4.85983163e-01]
 [8.77108276e-01 6.87541425e-01]
 [2.29881391e-01 8.77099931e-01]
 [1.28158376e-01 2.69867363e-04]
 [4.93984222e-02 2.46821761e-01]
 [1.10971938e-04 7.59289384e-01]
 [4.43967110e-05 9.11780536e-01]
 [4.77076709e-01 3.58670175e-01]
 [3.27045590e-01 5.61220527e-01]
 [5.63817203e-01 4.61296499e-01]
 [5.56299388e-01 7.23689437e-01]
 [1.47463652e-04 2.44190509e-04]
 [2.85072088e-01 6.98076963e-01]
 [5.67572378e-02 3.83518666e-01]
 [3.43418539e-01 8.15304399e-01]
 [1.95878983e-01 6.03273332e-01]
 [7.47688770e-01 7.30532289e-01]
 [7.15710700e-01 5.05013168e-01]]
[[8.70218933e-01 3.00301701e-01]
 [4.50184375e-01 7.00909793e-01]
 [2.30205044e-01 7.32659876e-01]
 [8.35017145e-01 1.72458142e-01]
 [5.99154472e-01 2.28665382e-01]
 [3.45709239e-04 7.02765584e-01]
 [1.12067163e-01 3.29191014e-02]
 [2.25870982e-01 5.62443674e-01]
 [7.40260243e-01 2.65786737e-01]
 [6.44958496e-01 3.58197838e-01]
 [1.17735282e-01 4.86740798e-01]
 [9.03689802e-01 4.29774970e-01]
 [2.10649483e-02 3.96224320e-01]
 [6.85230374e-01 4.88448203e-01]
 [5.57599187e-01 4.59390134e-01]
 [4.36212748e-01 4.10490036e-01]
 [1.13763988e-01 3.02243352e-01]
 [3.32863601e-06 2.37156257e-01]
 [9.94290173e-01 9.94557619e-01]
 [1.09344386e-01 6.26063049e-01]
 [4.70011234e-01 2.64355153e-01]
 [9.31286741e-06 1.03382967e-01]
 [3.31032723e-01 6.42394781e-01]
 [3.46847087e-01 3.14508259e-01]
 [5.14559865e-01 5.84764123e-01]
 [2.33654112e-01 2.48477295e-01]
 [2.19567746e-01 3.79672885e-01]
 [8.11847091e-01 5.25863051e-01]
 [2.33425319e-01 1.17666699e-01]
 [2.90002584e-01 9.99999997e-07]
 [7.76091814e-01 3.93242091e-01]
 [4.22623634e-01 1.73688645e-03]]
[[7.5685531e-01 6.4160037e-01]
 [6.2513632e-01 6.1328536e-01]
 [8.5229957e-01 9.9526328e-01]
 [3.9327639e-01 5.7007802e-01]
 [2.7331418e-01 8.3998835e-01]
 [1.7705725e-01 4.6590480e-01]
 [5.4002029e-01 7.8036559e-01]
 [1.2900346e-03 1.1496244e-03]
 [1.3499399e-01 3.3624601e-01]
 [5.7048035e-01 4.8931578e-01]
 [1.6602369e-04 5.7165921e-01]
 [6.1957937e-01 8.8708985e-01]
 [4.3692816e-02 7.1177030e-01]
 [4.0852097e-01 8.1796372e-01]
 [8.5068989e-01 5.4244554e-01]
 [1.3642493e-01 8.3730394e-01]
 [4.8977968e-01 9.2777592e-01]
 [4.9761787e-01 6.5403831e-01]
 [6.6773975e-01 7.4105465e-01]
 [9.8921025e-01 6.0467839e-01]
 [1.2953621e-01 6.0697466e-01]
 [3.7124065e-01 9.9598718e-01]
 [5.8013754e-04 3.1361517e-01]
 [2.5935405e-01 5.7342446e-01]
 [3.3940455e-01 7.0026791e-01]
 [8.5808688e-01 7.2929609e-01]
 [4.3090064e-02 4.4298357e-01]
 [5.3890847e-04 8.4084332e-01]
 [2.7166161e-01 3.6711597e-01]
 [7.1585578e-01 5.1451331e-01]
 [7.1743667e-01 9.7808242e-01]
 [7.4885958e-01 8.4750658e-01]
 [4.4204426e-01 4.4437855e-01]
 [1.4212655e-03 1.4000194e-01]]
[[8.56470644e-01 9.94603693e-01]
 [2.24558724e-04 3.23285087e-04]
 [9.98610556e-01 4.72149849e-01]
 [1.73841219e-03 1.54576212e-01]
 [3.96477342e-01 1.35358378e-01]
 [6.05696201e-01 4.56200898e-01]
 [9.01562452e-01 7.03915596e-01]
 [4.97503847e-01 1.07047253e-03]
 [9.64755058e-01 8.24099422e-01]
 [2.74554968e-01 8.28379512e-01]
 [1.13095194e-01 7.57286251e-02]
 [3.83238584e-01 9.13561165e-01]
 [1.40670553e-01 2.10583761e-01]
 [2.75479823e-01 9.97157097e-01]
 [9.62415516e-01 2.01079041e-01]
 [7.20902443e-01 2.80028343e-01]
 [1.45365268e-01 7.76494682e-01]
 [9.95153844e-01 3.34980607e-01]
 [8.69360387e-01 4.30760711e-01]
 [9.95389223e-01 9.94499385e-01]
 [2.57477671e-01 1.34902343e-01]
 [6.34343982e-01 1.20709871e-03]
 [9.98090863e-01 6.08360469e-01]
 [8.58989000e-01 2.93430358e-01]
 [3.61417621e-01 8.88990995e-04]
 [4.04752493e-01 7.76253998e-01]
 [8.66354346e-01 5.68298161e-01]
 [7.05705523e-01 5.49097061e-01]
 [2.25600526e-01 2.29802390e-04]]
[[5.9377730e-01 8.5450552e-02]
 [3.7302548e-01 9.9162698e-01]
 [9.9737090e-01 5.6856143e-04]
 [7.2042114e-01 1.4462991e-01]
 [9.1237271e-01 3.8842443e-01]
 [3.9016441e-01 3.6889702e-01]
 [9.9702704e-01 2.7747762e-01]
 [6.2486941e-01 7.0176786e-01]
 [7.7256745e-01 3.9906114e-01]
 [5.0660223e-01 7.7710068e-01]
 [8.3568553e-04 6.3007581e-01]
 [5.5904633e-01 3.0102423e-01]
 [2.4950753e-01 8.3707654e-01]
 [2.4280845e-01 6.9136494e-01]
 [6.2266374e-01 8.5669065e-01]
 [8.3534914e-01 2.7383709e-01]
 [6.2400174e-01 9.9691951e-01]
 [6.3633835e-01 4.2404783e-01]
 [9.9728107e-01 1.3895993e-01]
 [7.4178118e-01 7.8615606e-01]
 [6.9665855e-01 2.8156167e-01]
 [5.9290344e-01 5.6302977e-01]
 [8.6432946e-01 5.3239882e-01]
 [8.5882396e-01 1.3813913e-01]
 [5.0233680e-01 4.5858818e-01]
 [8.5875547e-01 3.1797250e-04]
 [7.1907532e-01 3.0234111e-03]
 [9.9764234e-01 4.9768013e-01]
 [5.0259930e-01 9.2495871e-01]
 [3.8760674e-01 8.4897292e-01]
 [4.5842865e-01 5.9273136e-01]]
[[4.39916611e-01 2.58995116e-01]
 [5.83423316e-01 2.73257375e-01]
 [5.93705595e-01 4.89641964e-01]
 [4.98453408e-01 3.87063920e-01]
 [2.05657379e-05 5.49110174e-01]
 [1.27868012e-01 6.05964303e-01]
 [8.77861306e-03 3.40711385e-01]
 [1.29830747e-04 1.99652523e-01]
 [6.91050947e-01 7.49906838e-01]
 [4.22736406e-01 5.08416057e-01]
 [7.34342754e-01 4.87657517e-01]
 [9.77506042e-01 7.85570800e-01]
 [8.41456592e-01 7.44462013e-01]
 [8.69757652e-01 5.28009295e-01]
 [3.16950172e-01 6.38274431e-01]
 [9.88504440e-02 9.92629752e-02]
 [2.90160894e-01 2.59512842e-01]
 [6.08794510e-01 8.67937446e-01]
 [2.62301475e-01 1.23061746e-01]
 [6.02684886e-05 6.20422652e-05]
 [7.56277740e-01 8.75620723e-01]
 [6.18267238e-01 6.28477454e-01]
 [1.96868643e-01 7.28437662e-01]
 [1.97218761e-01 1.49817815e-05]
 [2.18469590e-01 3.79372746e-01]
 [3.58634114e-01 3.81707966e-01]
 [4.03093249e-01 1.22309469e-01]
 [6.75958276e-01 9.95324969e-01]
 [8.27027082e-01 9.98754442e-01]
 [1.51053816e-01 2.29415685e-01]
 [9.47706223e-01 6.46526456e-01]]
[[0.10800769 0.6227728 ]
 [0.5735844  0.8829496 ]
 [0.928375   0.7460873 ]
 [0.7724825  0.36205074]
 [0.9992424  0.8697955 ]
 [0.3770624  0.689284  ]
 [0.49966934 0.7612995 ]
 [0.12954962 0.28785717]
 [0.9981628  0.62014437]
 [0.3618793  0.9412721 ]
 [0.6417707  0.7570798 ]
 [0.7192731  0.5772322 ]
 [0.6566239  0.44874534]
 [0.8571703  0.870336  ]
 [0.7835279  0.7484699 ]
 [0.99751776 0.47572783]
 [0.9365605  0.9979873 ]
 [0.5150932  0.429868  ]
 [0.91965353 0.35305786]
 [0.5813381  0.62507474]
 [0.85416335 0.6246098 ]
 [0.00230791 0.00102433]
 [0.49199453 0.99918795]
 [0.71548414 0.87947243]
 [0.6396809  0.30432048]
 [0.3425628  0.55029976]
 [0.29590568 0.8155099 ]
 [0.234643   0.6872669 ]
 [0.23368788 0.3857752 ]
 [0.8528832  0.48137912]
 [0.37400296 0.41008618]
 [0.00185426 0.1463289 ]
 [0.7940638  0.9981725 ]
 [0.0441924  0.40360036]]
[[6.35464370e-01 5.62806606e-01]
 [3.98007452e-01 8.84048998e-01]
 [4.61409926e-01 3.35935295e-01]
 [6.01365209e-01 8.56045932e-02]
 [5.13891160e-01 4.77180481e-01]
 [7.78607666e-01 1.38274357e-01]
 [4.07521665e-01 5.78224599e-01]
 [2.66341627e-01 9.94927883e-01]
 [9.99827147e-01 9.61263299e-01]
 [2.21702889e-01 3.36086452e-01]
 [9.90274966e-01 6.62597358e-01]
 [2.10634843e-01 9.00655836e-02]
 [2.81285822e-01 6.58885062e-01]
 [4.07149255e-01 7.38794029e-01]
 [9.97845471e-01 8.07649314e-01]
 [7.20897138e-01 9.61126934e-05]
 [2.73206860e-01 8.15565288e-01]
 [4.68141407e-01 1.54171839e-01]
 [9.85767066e-01 5.16758919e-01]
 [7.51925647e-01 3.50862682e-01]
 [6.59350097e-01 2.26045087e-01]
 [6.07169628e-01 3.65402639e-01]
 [4.85267401e-01 1.62052907e-04]
 [1.11196116e-01 9.99580026e-01]
 [1.36305913e-01 2.15289578e-01]
 [6.82126462e-01 6.98301494e-01]
 [3.37217659e-01 2.43731767e-01]
 [3.35964322e-01 8.00989009e-03]
 [5.29185414e-01 6.62111402e-01]
 [8.71252358e-01 1.96083877e-02]
 [7.62976348e-01 5.02530754e-01]
 [8.81152332e-01 4.16576654e-01]]
[[5.6875008e-01 4.7703928e-01]
 [4.7410029e-01 6.9135225e-01]
 [5.8023667e-01 9.1417378e-01]
 [7.6944196e-01 8.6981332e-01]
 [6.5737820e-01 2.6548490e-01]
 [9.9618417e-01 2.1147929e-01]
 [6.0325640e-01 6.2131327e-01]
 [9.9495405e-01 8.4787387e-01]
 [5.2919751e-01 1.9604957e-01]
 [6.9946766e-01 9.9820405e-01]
 [7.7251083e-01 1.7807223e-01]
 [7.5873983e-01 3.7966120e-01]
 [6.2075793e-04 1.3069600e-03]
 [4.6038580e-01 9.9943447e-01]
 [3.3615556e-01 9.1980189e-01]
 [4.7719717e-01 3.3440891e-01]
 [8.4725600e-01 9.9512070e-01]
 [9.9994969e-01 6.9793952e-01]
 [3.2543465e-01 7.7266258e-01]
 [9.9545872e-01 9.9569106e-01]
 [7.9041505e-01 4.3975757e-04]
 [9.9446899e-01 5.5005372e-01]
 [9.9449992e-01 3.5954514e-01]
 [6.5002239e-01 7.8615147e-01]
 [1.4860094e-01 1.1438893e-03]
 [2.1185976e-01 9.9860454e-01]
 [4.5699731e-01 8.3661866e-01]
 [1.9473378e-01 7.0528376e-01]
 [8.9601099e-01 1.0366683e-01]
 [3.4193712e-01 6.2630433e-01]
 [8.7077719e-01 7.6426578e-01]]
[[9.9539095e-01 2.1768360e-01]
 [5.6590009e-01 1.0626118e-03]
 [5.0911736e-01 7.0309412e-01]
 [3.9528555e-01 6.0793400e-01]
 [6.2562877e-01 8.6323982e-01]
 [1.2407444e-01 7.5402886e-01]
 [8.6373156e-01 3.0083790e-01]
 [5.4883909e-01 9.9474722e-01]
 [3.1549859e-04 8.3979625e-01]
 [7.1929741e-01 3.7049407e-01]
 [3.9538008e-01 1.4576341e-01]
 [5.7986730e-01 5.7406211e-01]
 [8.4398854e-01 4.4777003e-01]
 [3.0714226e-01 7.2876292e-01]
 [4.1660243e-01 1.6645310e-05]
 [8.6426634e-01 1.4825428e-01]
 [4.6724057e-01 4.7922233e-01]
 [9.9702114e-01 9.9457288e-01]
 [3.2017836e-01 4.8023736e-01]
 [9.9645174e-01 3.6458281e-01]
 [8.4787381e-01 9.9530602e-01]
 [4.9656054e-01 2.5283659e-01]
 [1.3595147e-01 9.0456551e-01]
 [2.7568740e-01 5.8183447e-02]
 [1.1827910e-02 9.8898500e-01]
 [2.2744976e-01 3.6546135e-01]
 [7.7823430e-01 8.6206841e-01]
 [5.7316905e-01 3.7804115e-01]
 [7.3683542e-01 2.2422081e-01]
 [3.5274613e-01 2.8722289e-01]
 [8.6458969e-01 1.4695800e-05]
 [9.9637610e-01 6.9747254e-02]
 [6.9859123e-01 9.9523103e-01]]
[[8.3516574e-01 2.3190844e-01]
 [5.4838610e-01 5.9812486e-01]
 [7.6494229e-01 7.7411550e-01]
 [2.9649273e-01 1.0000000e-06]
 [3.4172285e-02 2.7157512e-01]
 [1.0000000e-06 9.6287233e-01]
 [9.5997864e-01 3.1263083e-01]
 [8.5479434e-05 7.0844144e-01]
 [1.3580395e-01 6.4457214e-01]
 [1.0000000e-06 1.0000000e-06]
 [2.9972467e-01 3.7422788e-01]
 [3.6555967e-01 6.9988930e-01]
 [6.5100628e-01 8.7214005e-01]
 [7.1905124e-01 4.9513751e-01]
 [9.0713561e-01 7.2816133e-01]
 [4.0477264e-01 5.5583578e-01]
 [8.8031495e-01 9.0718675e-01]
 [1.4946634e-01 9.6808785e-01]
 [2.5825435e-01 5.2562779e-01]
 [7.8969769e-02 8.3500779e-01]
 [9.9245894e-01 6.0408145e-01]
 [6.6711688e-01 3.5470891e-01]
 [8.6635721e-01 5.2194059e-01]
 [9.9999899e-01 1.9590950e-02]
 [1.8475461e-01 2.7491203e-01]
 [5.1672935e-01 4.5201123e-01]
 [2.2435546e-01 1.2941320e-01]
 [9.9999899e-01 4.5558205e-01]
 [7.5149482e-01 9.8736650e-01]
 [7.4818321e-02 1.2792745e-01]
 [8.1795716e-01 3.8005915e-01]
 [9.9999899e-01 1.6896325e-01]
 [1.4759703e-01 1.0000000e-06]
 [2.1587548e-01 7.7144879e-01]]
[[2.37066165e-01 9.96173620e-01]
 [1.33699223e-01 2.22963750e-01]
 [4.71441716e-01 8.72043729e-01]
 [3.19275290e-01 5.56773543e-01]
 [1.50155008e-01 1.11976080e-03]
 [1.71078131e-01 5.32152236e-01]
 [9.99999997e-07 3.01877767e-01]
 [5.06109118e-01 6.97326800e-03]
 [4.47429746e-01 7.22788572e-01]
 [7.77491033e-01 8.04440618e-01]
 [7.58739769e-01 6.55485034e-01]
 [2.45519310e-01 1.17702723e-01]
 [9.00815368e-01 7.18242705e-01]
 [6.36613965e-01 7.42307365e-01]
 [6.51959360e-01 3.30977499e-01]
 [3.93179208e-02 7.24193990e-01]
 [1.60413340e-01 8.12402487e-01]
 [4.68069494e-01 5.71933091e-01]
 [4.15937811e-01 4.29582030e-01]
 [5.63388348e-01 4.50939596e-01]
 [3.20886761e-01 8.55046451e-01]
 [1.20339535e-01 3.89972836e-01]
 [2.67109543e-01 4.15491492e-01]
 [7.06556499e-01 1.88970715e-01]
 [2.26368874e-01 6.74449980e-01]
 [3.87938291e-01 9.99998271e-01]
 [6.15494192e-01 5.94268203e-01]
 [5.55719674e-01 1.64397806e-01]
 [7.52913684e-06 1.51228681e-01]
 [2.78423101e-01 2.66011626e-01]
 [7.33549416e-01 5.00934124e-01]
 [5.02233922e-01 3.05404842e-01]
 [9.99999997e-07 9.99999997e-07]
 [4.04268503e-01 1.84082985e-01]
 [3.54723305e-01 1.10911140e-02]]
[[2.2686863e-01 8.0977043e-04]
 [4.7480273e-01 8.6327022e-01]
 [4.0231010e-01 6.8509072e-01]
 [2.2598115e-01 2.9006976e-01]
 [9.9999899e-01 9.9999899e-01]
 [3.8919941e-01 9.9990773e-01]
 [3.7699142e-01 2.6740426e-01]
 [6.7695242e-01 9.3964903e-05]
 [1.8925759e-01 4.3801957e-01]
 [9.9996710e-01 6.9919682e-01]
 [4.5063671e-01 1.3391702e-01]
 [6.9020532e-02 3.4282261e-01]
 [5.4665655e-01 2.5158128e-01]
 [6.9742972e-01 2.3279358e-01]
 [5.4171723e-01 9.9999899e-01]
 [6.9417125e-01 9.9999899e-01]
 [4.3236583e-01 5.3364611e-01]
 [2.9764098e-01 1.3752605e-01]
 [7.3386288e-01 4.9950957e-01]
 [5.2466828e-01 8.2354745e-06]
 [6.3963389e-01 3.7598494e-01]
 [3.3832198e-01 4.1368008e-01]
 [7.4778229e-02 1.2209206e-02]
 [2.5314116e-01 7.1465236e-01]
 [5.8294719e-01 5.1867086e-01]
 [9.9998987e-01 8.4922165e-01]
 [1.3372162e-01 5.7804620e-01]
 [3.2264110e-01 8.5653287e-01]
 [8.4701103e-01 9.9999899e-01]]
[[3.3032891e-01 6.3886517e-01]
 [2.7702627e-01 9.2679614e-01]
 [5.5301321e-01 2.2570437e-01]
 [2.5000277e-01 7.7299488e-01]
 [1.1654737e-01 8.5358292e-01]
 [1.7727620e-05 5.6764609e-01]
 [4.0601775e-01 7.7563429e-01]
 [7.0716518e-01 2.0435831e-01]
 [8.9224771e-02 1.2803814e-01]
 [6.5634286e-01 6.1039418e-01]
 [3.7415260e-01 4.8847783e-01]
 [9.9939048e-01 2.9535897e-04]
 [1.7350461e-01 6.3759828e-01]
 [5.5962467e-01 7.3381954e-01]
 [8.8256393e-06 4.1174728e-01]
 [8.6179084e-01 7.2150731e-01]
 [8.5541624e-01 5.6426775e-01]
 [2.2694430e-05 8.0912374e-05]
 [9.9585319e-01 4.9223790e-01]
 [4.6043617e-01 3.5088024e-01]
 [8.5667646e-01 2.4645081e-01]
 [5.7030004e-01 4.6157193e-01]
 [7.2612023e-01 4.6996397e-01]
 [6.3297683e-01 6.6904254e-02]
 [4.8942807e-01 5.9438771e-01]
 [3.7691619e-02 7.1904910e-01]
 [1.3716412e-01 4.8652127e-01]
 [8.5653389e-01 8.4657572e-02]]
[[2.55217224e-01 4.06499714e-01]
 [2.31322885e-01 9.99907315e-01]
 [7.59943366e-01 1.29758155e-05]
 [7.49209166e-01 9.99998987e-01]
 [6.83034420e-01 1.38500154e-01]
 [8.78584981e-01 6.33467317e-01]
 [5.20814061e-01 9.17750835e-01]
 [2.98657924e-01 7.08684444e-01]
 [7.82072783e-01 4.84012336e-01]
 [9.99998987e-01 2.90049136e-01]
 [7.54295066e-02 9.79398370e-01]
 [8.44199836e-01 8.73862803e-01]
 [6.68239355e-01 8.66109967e-01]
 [5.96869946e-01 4.65880148e-04]
 [8.42320085e-01 2.96574831e-01]
 [2.39722714e-01 5.63289702e-01]
 [5.49031913e-01 5.20569563e-01]
 [9.99987245e-01 1.33402258e-01]
 [4.30096388e-01 6.22799516e-01]
 [9.17751312e-01 9.99999997e-07]
 [3.88286114e-01 9.99998987e-01]
 [4.06889260e-01 4.51749027e-01]
 [3.10876012e-01 8.64550233e-01]
 [9.28645074e-01 4.29384768e-01]
 [7.61551261e-01 7.39541709e-01]
 [8.41449201e-01 1.38329253e-01]
 [1.07954808e-01 6.91288054e-01]
 [6.84489191e-01 2.97168344e-01]]
[[1.5113965e-01 2.8873494e-01]
 [4.2663902e-01 5.5257529e-01]
 [5.8680761e-01 1.5999140e-01]
 [3.1331679e-04 6.5935975e-01]
 [4.4352883e-01 7.1907192e-02]
 [9.9918991e-01 6.7624307e-01]
 [6.3689995e-01 9.2296958e-01]
 [1.4015212e-05 4.9935350e-01]
 [8.7907487e-05 8.1969029e-01]
 [3.8312117e-04 1.7641336e-01]
 [7.3452580e-01 2.2363053e-01]
 [7.8120697e-01 9.9661469e-01]
 [1.0000000e-06 3.3908027e-01]
 [3.9288563e-01 8.7105751e-01]
 [5.8849257e-01 6.5089094e-05]
 [2.8402033e-01 4.5203213e-02]
 [4.4468492e-01 2.3364569e-01]
 [4.9282098e-01 9.9831682e-01]
 [2.9070866e-01 3.6884433e-01]
 [1.5232974e-01 4.5023090e-01]
 [2.3408495e-04 9.8027718e-01]
 [4.4919407e-01 3.9372540e-01]
 [6.9006062e-01 7.4302286e-01]
 [9.9561447e-01 8.3776081e-01]
 [4.3321052e-04 9.1161123e-03]
 [5.3638142e-01 7.9662317e-01]
 [2.6571459e-01 5.6459695e-01]
 [2.8729069e-01 2.0546585e-01]
 [5.6394398e-01 6.3851571e-01]
 [5.8494890e-01 4.7942054e-01]
 [9.9139619e-01 9.9981314e-01]
 [8.2780570e-01 8.3898598e-01]]
[[8.5891503e-01 4.2704993e-01]
 [1.0000000e-06 9.0958661e-01]
 [2.0715584e-01 3.2352526e-03]
 [9.9999833e-01 5.0884986e-01]
 [1.3269909e-01 9.9999899e-01]
 [4.1042820e-01 9.9954587e-01]
 [3.5329977e-01 3.4888721e-01]
 [1.0895491e-02 2.7364528e-01]
 [2.8912303e-01 1.4851719e-01]
 [4.2325592e-01 6.7319202e-01]
 [7.1666187e-01 5.1490158e-01]
 [6.7662019e-01 9.9999899e-01]
 [4.0227899e-01 8.3302736e-01]
 [5.1482040e-01 3.7369293e-01]
 [5.3132802e-01 8.6721522e-04]
 [2.5324640e-01 8.9377856e-01]
 [8.3531350e-01 9.2772776e-01]
 [1.2003990e-01 8.0149293e-01]
 [9.9998051e-01 8.5791689e-01]
 [2.0252877e-01 2.8826529e-01]
 [7.2661054e-01 6.8136454e-01]
 [6.9842166e-01 8.4036726e-01]
 [1.2412111e-01 1.4551260e-01]
 [5.7025045e-01 7.4162251e-01]
 [4.3988955e-01 2.1044229e-01]
 [5.4673827e-01 9.0431607e-01]
 [8.5936677e-01 2.6278436e-01]
 [8.6667424e-01 7.6514250e-01]
 [9.9994069e-01 1.7985858e-01]
 [8.6062419e-01 5.9095597e-01]
 [4.2691931e-01 5.1198351e-01]
 [3.6912391e-01 1.7039753e-03]
 [9.9999493e-01 6.7317235e-01]
 [2.7232406e-01 7.3330683e-01]
 [9.9999201e-01 3.4535322e-01]]
[[5.33563725e-05 9.99768496e-01]
 [5.25326014e-01 1.41766489e-01]
 [1.64082244e-01 1.50095433e-01]
 [3.56457829e-01 1.36182964e-01]
 [1.41210675e-01 3.71045530e-01]
 [8.45325291e-01 1.99453011e-01]
 [2.65203208e-01 8.59120155e-06]
 [8.32457364e-01 9.98860538e-01]
 [4.36904669e-01 2.78822601e-01]
 [9.99654830e-01 9.99858916e-01]
 [8.12905133e-01 8.32624137e-01]
 [3.51490110e-01 4.17318672e-01]
 [2.71120429e-01 2.73775667e-01]
 [4.44244772e-01 9.99999997e-07]
 [1.45554811e-01 9.20102894e-01]
 [9.99998987e-01 1.47443950e-01]
 [6.87902331e-01 1.56763107e-01]
 [7.31155276e-01 3.97340864e-01]
 [1.83280150e-04 1.27962247e-01]
 [7.69390702e-01 1.32257985e-02]
 [9.99125540e-01 4.73757803e-01]
 [6.07063591e-01 3.63250656e-05]
 [6.00602686e-01 2.96243757e-01]
 [1.80795090e-04 8.32018733e-01]
 [9.99185920e-01 3.10268164e-01]
 [2.19382331e-01 5.13753355e-01]
 [9.99999997e-07 2.91463375e-01]
 [9.31788206e-01 9.99999997e-07]
 [7.34294057e-01 6.81420863e-01]
 [6.45576954e-01 5.41230023e-01]
 [9.80669916e-01 8.34317088e-01]]
[[6.9350578e-02 1.0000000e-06]
 [1.0000000e-06 3.0881837e-01]
 [2.5424787e-01 8.5111618e-01]
 [3.3508995e-01 5.4874063e-01]
 [2.4159685e-01 6.8303275e-01]
 [9.3905276e-01 4.8427355e-01]
 [6.3844329e-01 4.8696318e-01]
 [3.6331409e-01 1.0000000e-06]
 [6.0064250e-01 3.2782713e-01]
 [6.7653173e-01 1.8086506e-01]
 [4.4001767e-01 2.9955426e-01]
 [3.8776296e-01 7.5681126e-01]
 [1.0089950e-01 7.6632100e-01]
 [9.9557889e-01 3.2806891e-01]
 [4.7571298e-01 4.5906073e-01]
 [5.1445562e-01 1.5536697e-01]
 [9.9997962e-01 9.9983412e-01]
 [3.5112268e-01 1.6285929e-01]
 [5.6195951e-01 1.0000000e-06]
 [3.4716779e-01 9.9608755e-01]
 [3.0391216e-01 3.8820070e-01]
 [8.8313901e-01 1.5066828e-01]
 [1.4120163e-01 3.8963601e-01]
 [1.0000000e-06 4.7270289e-01]
 [9.9977922e-01 6.3902277e-01]
 [1.0000000e-06 1.4632583e-01]
 [1.8294874e-01 9.9987751e-01]
 [4.8184037e-01 6.2244910e-01]
 [4.1410159e-02 9.1828889e-01]
 [7.9858178e-01 2.9240939e-01]
 [2.1467516e-01 7.2957642e-02]
 [1.4253820e-01 5.5287308e-01]
 [7.3900123e-06 6.3711977e-01]]
[[1.7215623e-01 1.0000000e-06]
 [1.2500115e-01 2.3719481e-01]
 [7.3452520e-01 6.7530733e-01]
 [7.9117388e-02 7.7502757e-01]
 [5.0438279e-01 2.0017074e-05]
 [9.1623533e-01 1.4299278e-01]
 [9.9999899e-01 4.5224166e-01]
 [8.8604909e-01 7.4414659e-01]
 [6.2064147e-01 3.0838090e-01]
 [3.7119651e-01 4.7546136e-01]
 [5.3508383e-01 4.5074895e-01]
 [3.9706460e-01 8.0772156e-01]
 [3.3873802e-01 1.0000000e-06]
 [2.4202561e-01 7.2826535e-01]
 [9.9737865e-01 6.1729211e-01]
 [7.5848317e-01 2.0807551e-01]
 [2.6435322e-01 1.4765790e-01]
 [8.3495408e-01 1.0000000e-06]
 [3.4150374e-01 3.0955923e-01]
 [1.9575840e-01 3.9145464e-01]
 [3.7815880e-03 1.0000000e-06]
 [7.7164686e-01 3.7648913e-01]
 [6.6988999e-01 1.0000000e-06]
 [5.9282798e-01 1.4571416e-01]
 [4.2921221e-01 1.6757227e-01]
 [3.8704300e-01 6.4062917e-01]
 [8.5087872e-01 5.2653468e-01]
 [5.6419903e-01 7.8137058e-01]
 [2.2945191e-01 5.6269038e-01]
 [7.0209138e-02 6.0878623e-01]
 [9.2162883e-01 3.0741829e-01]
 [6.8572682e-01 5.1710713e-01]
 [5.5304128e-01 6.1617678e-01]
 [9.9999899e-01 1.0000000e-06]]
[[3.6434171e-01 9.9999899e-01]
 [3.3018011e-01 1.5336667e-01]
 [4.4503006e-01 5.7315487e-01]
 [8.5575902e-01 4.3237859e-01]
 [4.2040449e-01 2.9109177e-01]
 [5.5916246e-02 3.0636727e-03]
 [7.8210646e-01 2.7541089e-01]
 [6.3089788e-01 8.4827322e-01]
 [2.0586100e-04 3.3006844e-01]
 [9.9999899e-01 6.7767346e-01]
 [8.6019671e-01 7.6598132e-01]
 [2.2238974e-01 8.1818675e-05]
 [2.5480428e-01 2.9964191e-01]
 [1.0000000e-06 1.6398357e-01]
 [7.1070915e-01 6.9538426e-01]
 [6.1288011e-01 5.6193918e-01]
 [5.2068621e-01 4.2395815e-01]
 [4.4529486e-01 8.4957564e-01]
 [2.3658825e-01 5.6723535e-01]
 [2.7695748e-01 8.5700494e-01]
 [1.9335017e-01 9.9999899e-01]
 [3.8802657e-01 1.0000000e-06]
 [3.5197836e-01 7.1001965e-01]
 [7.8303933e-01 9.1405892e-01]
 [9.9997663e-01 3.4665775e-01]
 [6.9060493e-01 4.1512701e-01]
 [1.0000000e-06 4.9850056e-01]
 [1.4848672e-01 4.2624456e-01]]
[[7.3423868e-01 6.3453358e-01]
 [4.7327882e-01 8.3384134e-02]
 [6.2341917e-01 8.9752311e-01]
 [2.8740785e-01 6.6877687e-01]
 [1.5245485e-01 9.9999899e-01]
 [1.6875470e-01 2.1913703e-01]
 [2.9642901e-01 8.3581537e-01]
 [6.0061938e-01 7.3262751e-01]
 [1.6669646e-01 5.5383426e-01]
 [3.1875053e-01 9.9999899e-01]
 [6.2376976e-01 5.0708586e-01]
 [4.7544119e-01 4.1802192e-01]
 [1.0000000e-06 3.9342830e-01]
 [3.2719603e-01 1.6704370e-01]
 [8.9541483e-01 7.0553666e-01]
 [6.8651485e-01 3.5166189e-01]
 [4.7584915e-01 5.8476627e-01]
 [4.3526405e-01 7.4583453e-01]
 [1.0000000e-06 7.2837871e-01]
 [3.2860410e-01 5.0581944e-01]
 [7.5526494e-01 9.9999881e-01]
 [9.9986887e-01 9.9999899e-01]
 [1.6799138e-01 3.8656726e-01]
 [6.1762917e-01 1.7155309e-01]
 [4.7156474e-01 2.5150466e-01]
 [8.2793534e-01 4.9608907e-01]
 [1.3061404e-01 8.3178616e-01]
 [1.0000000e-06 9.3476611e-01]
 [3.2770365e-01 3.3733982e-01]
 [1.0000000e-06 5.6145078e-01]
 [7.5709850e-01 7.9961038e-01]
 [7.1468821e-05 2.2531295e-01]
 [4.5832950e-01 9.1056830e-01]
 [3.2688782e-01 1.0000000e-06]]
[[1.67917594e-01 9.99999997e-07]
 [4.19988930e-01 1.46376073e-01]
 [2.90159017e-01 5.36015332e-01]
 [3.36950600e-01 9.99999997e-07]
 [1.46961018e-01 6.25585794e-01]
 [2.50025630e-01 7.60069311e-01]
 [7.24123895e-01 6.15663767e-01]
 [1.53078914e-01 4.39940840e-01]
 [4.47342336e-01 3.28366250e-01]
 [4.55136836e-01 4.98269409e-01]
 [6.74292505e-01 9.99999997e-07]
 [5.57166457e-01 6.33153439e-01]
 [6.16373241e-01 3.09677631e-01]
 [5.05743206e-01 9.99999997e-07]
 [2.80098140e-01 9.32366788e-01]
 [2.51424432e-01 1.46366447e-01]
 [9.99999997e-07 9.99999997e-07]
 [7.58853197e-01 1.43325090e-01]
 [8.19170296e-01 4.71730411e-01]
 [7.86235213e-01 3.07731688e-01]
 [1.36365324e-01 2.68592685e-01]
 [8.45568359e-01 9.99999997e-07]
 [6.24793589e-01 4.78594691e-01]
 [5.55898309e-01 9.49233770e-01]
 [9.99999997e-07 1.68676257e-01]
 [3.92286330e-01 6.69875026e-01]
 [9.99999997e-07 5.38502216e-01]
 [1.01593316e-01 8.42285812e-01]
 [9.99999997e-07 7.07692385e-01]]
[[1.0000000e-06 3.2195276e-01]
 [8.5296881e-01 7.6994288e-01]
 [1.0000000e-06 1.5091094e-01]
 [8.5312974e-01 5.9845960e-01]
 [5.8311808e-01 8.1320268e-01]
 [5.4084462e-01 4.7775558e-01]
 [3.9321360e-01 5.6117386e-01]
 [1.6983484e-01 1.4353722e-01]
 [9.9999899e-01 5.1094031e-01]
 [8.2987499e-01 1.7080423e-01]
 [5.3985918e-01 6.4769703e-01]
 [6.5902972e-01 1.0000000e-06]
 [3.9280465e-01 7.3478967e-01]
 [1.7110164e-01 3.1381720e-01]
 [7.7445485e-02 1.0000000e-06]
 [4.0602723e-01 3.7384552e-01]
 [2.6049414e-01 1.0000000e-06]
 [7.0540929e-01 6.8568581e-01]
 [4.3055940e-01 1.0000000e-06]
 [8.4149498e-01 9.4059885e-01]
 [9.9999899e-01 8.5586214e-01]
 [7.0649970e-01 5.1259792e-01]
 [2.4489741e-01 6.4531970e-01]
 [8.5152996e-01 4.2406267e-01]
 [2.5690493e-01 4.5908791e-01]
 [9.9999899e-01 1.0000000e-06]
 [9.9999899e-01 3.4009844e-01]
 [8.2940680e-01 1.0000000e-06]
 [9.9999899e-01 6.8296319e-01]
 [4.3224591e-01 9.0409321e-01]]
[[2.6426741e-01 5.2551758e-01]
 [3.2831916e-01 3.6551082e-01]
 [4.9061435e-01 2.1133731e-01]
 [3.8285595e-01 1.0000000e-06]
 [9.9999899e-01 3.3143693e-01]
 [3.3515292e-01 6.8157035e-01]
 [2.0976065e-01 7.3261460e-04]
 [6.6168731e-01 1.8789487e-01]
 [9.6512854e-01 4.9873146e-01]
 [5.5350149e-01 6.8223891e-03]
 [1.2966253e-01 4.1845557e-01]
 [6.3307673e-01 5.2822196e-01]
 [9.9979514e-01 9.9999899e-01]
 [4.4584832e-01 8.1425804e-01]
 [7.9563254e-01 4.7703224e-01]
 [5.4779464e-01 6.7655379e-01]
 [8.3148593e-01 3.0992484e-01]
 [6.1718863e-01 8.3440000e-01]
 [6.9881284e-01 9.9990582e-01]
 [9.9946141e-01 6.6659409e-01]
 [9.9665630e-01 1.6031234e-01]
 [7.2395110e-01 1.0000000e-06]
 [1.0000000e-06 5.4967284e-01]
 [3.2446527e-01 1.6111800e-01]
 [1.4140303e-01 6.4775109e-01]
 [4.3694153e-01 5.4305029e-01]
 [6.6836911e-01 3.6149985e-01]
 [8.2620871e-01 1.3910806e-01]
 [7.5877827e-01 6.4567387e-01]
 [4.9954203e-01 3.8394466e-01]]
[[4.5297865e-02 6.3050413e-01]
 [3.6758807e-01 7.4595726e-01]
 [5.9816331e-01 9.9999899e-01]
 [6.5057063e-01 4.4390225e-01]
 [5.2360517e-01 6.4247936e-01]
 [9.8941886e-01 7.6007354e-01]
 [6.9388998e-01 6.1168748e-01]
 [3.6409315e-01 5.7292497e-01]
 [9.9999899e-01 2.4451399e-01]
 [2.1620375e-01 6.6218442e-01]
 [1.0000000e-06 2.9015332e-01]
 [3.1593084e-01 2.3508537e-01]
 [2.6336530e-01 7.0309319e-02]
 [4.8704836e-01 8.6923254e-01]
 [1.7018057e-01 8.2812542e-01]
 [1.6778399e-01 3.2518724e-01]
 [8.5473353e-01 1.5155181e-01]
 [6.3478881e-01 7.7712297e-01]
 [8.1561953e-01 7.3575395e-01]
 [3.2003304e-01 4.0703398e-01]
 [1.7166644e-01 9.9999899e-01]
 [1.1480281e-01 1.6068275e-01]
 [1.6893587e-01 4.9645650e-01]
 [1.0000000e-06 4.6332502e-01]
 [8.2642215e-01 4.9700162e-01]
 [9.7504771e-01 5.8831596e-01]
 [8.4606236e-01 3.2473308e-01]
 [9.9999899e-01 4.1662130e-01]
 [1.0000000e-06 7.9748082e-01]
 [7.6559460e-01 9.5489460e-01]
 [3.2112333e-01 9.1436809e-01]
 [4.8985243e-01 3.7761590e-01]
 [1.0000000e-06 9.7259510e-01]
 [4.8727399e-01 2.0432729e-01]
 [7.2024733e-01 4.0411811e-02]]
[[2.5846419e-01 6.0745186e-01]
 [3.0919591e-01 7.7329338e-01]
 [8.2016963e-01 7.8669500e-01]
 [5.2151054e-01 5.0209802e-01]
 [9.7300857e-01 1.0000000e-06]
 [2.8068195e-03 2.2934182e-01]
 [4.7431538e-01 8.2751310e-01]
 [1.6833401e-01 2.8810728e-01]
 [3.7822270e-01 5.8171533e-02]
 [6.4837241e-01 8.2409215e-01]
 [1.6451260e-01 4.6130562e-01]
 [7.1534204e-01 1.0000000e-06]
 [7.8166032e-01 6.1753482e-01]
 [6.7570245e-01 9.9665767e-01]
 [8.3225608e-01 2.9930735e-01]
 [9.9999899e-01 1.7208417e-01]
 [6.3752240e-01 3.7325406e-01]
 [4.2846969e-01 6.4800256e-01]
 [4.6603826e-01 3.3795351e-01]
 [9.9999899e-01 3.4566984e-01]
 [3.3252284e-01 2.2630182e-01]
 [1.0000000e-06 4.0288019e-01]
 [3.3847439e-01 4.5459878e-01]
 [5.0245225e-01 9.9999899e-01]
 [1.1725598e-01 7.0685625e-01]
 [5.1188582e-01 1.7090534e-01]
 [6.8201387e-01 2.0518820e-01]
 [9.9999899e-01 6.3344491e-01]
 [3.3863696e-01 9.4480342e-01]]
[[7.5669855e-02 6.2209392e-01]
 [3.4765023e-01 5.5045748e-01]
 [7.2824001e-01 8.1412986e-02]
 [4.0010560e-01 1.8426643e-01]
 [8.8277715e-01 1.0000000e-06]
 [5.1310766e-01 3.1956899e-01]
 [9.9999899e-01 9.9999899e-01]
 [8.4761173e-01 9.1521674e-01]
 [2.1579535e-01 9.9999899e-01]
 [9.9999899e-01 8.2681650e-01]
 [3.9404598e-01 9.9999899e-01]
 [1.8493988e-01 4.8128304e-01]
 [3.4445775e-01 3.7322703e-01]
 [5.5275142e-01 9.7074822e-02]
 [9.9999899e-01 1.2723079e-01]
 [3.0443534e-01 8.5021973e-01]
 [4.0371332e-01 1.0000000e-06]
 [9.9999899e-01 3.0125466e-01]
 [2.3897068e-01 6.8755460e-01]
 [5.8081383e-01 6.5893310e-01]
 [4.1391125e-01 7.1292281e-01]
 [8.4733433e-01 2.1103036e-01]
 [5.1354384e-01 4.9588746e-01]
 [2.2666360e-01 1.0000000e-06]
 [6.7363840e-01 2.4779907e-01]
 [9.9999899e-01 6.5216351e-01]
 [1.0000000e-06 4.6014279e-01]
 [9.9999899e-01 4.7663981e-01]]
[[4.2726734e-01 7.8756243e-01]
 [3.0681640e-01 1.5341409e-01]
 [3.9668876e-01 1.0000000e-06]
 [1.8422726e-01 5.1949430e-01]
 [8.4795755e-01 5.5998141e-01]
 [1.8156356e-05 5.1843274e-01]
 [6.0290408e-01 7.9006702e-01]
 [1.0000000e-06 6.9576508e-01]
 [5.1526946e-01 6.3387001e-01]
 [6.6096091e-01 1.5255299e-01]
 [3.3939397e-01 6.3358229e-01]
 [1.7471784e-01 9.9999899e-01]
 [8.2816446e-01 2.0730633e-01]
 [7.7858025e-01 7.8801686e-01]
 [9.1870368e-01 5.3036813e-02]
 [9.8283207e-01 2.9588491e-01]
 [5.7359052e-01 3.0670157e-01]
 [7.4908346e-01 1.0000000e-06]
 [4.0116549e-01 9.6274608e-01]
 [9.9999899e-01 4.7221187e-01]
 [1.7522313e-01 6.9649911e-01]
 [6.1995918e-01 9.6606690e-01]
 [9.9999899e-01 6.4877886e-01]
 [5.7404399e-01 1.0000000e-06]
 [9.5199066e-01 8.1950253e-01]
 [4.2933485e-01 4.8129413e-01]
 [8.5338607e-02 8.4811562e-01]
 [3.9528376e-01 3.0684027e-01]
 [6.9028455e-01 6.3647074e-01]
 [8.1976610e-01 3.8620645e-01]
 [1.0000000e-06 9.9999899e-01]
 [4.8520663e-01 1.5274841e-01]
 [2.6220101e-01 8.4856987e-01]
 [7.9978043e-01 9.6348500e-01]]
[[4.6401611e-01 4.4842252e-01]
 [3.0954766e-01 1.7867003e-01]
 [5.5841225e-01 7.6454884e-01]
 [4.6458381e-01 2.6824594e-01]
 [6.3467544e-01 4.0047920e-01]
 [4.6355554e-01 9.0212613e-02]
 [7.9632562e-01 1.0000000e-06]
 [1.5449372e-01 8.9231022e-02]
 [3.0935949e-01 3.5624996e-01]
 [8.2583922e-01 9.9999899e-01]
 [3.0924854e-01 1.0000000e-06]
 [8.9604211e-01 6.5158361e-01]
 [7.5211060e-01 5.3744125e-01]
 [1.0000000e-06 7.1741509e-01]
 [1.5449809e-01 2.6685932e-01]
 [1.0000000e-06 3.5651776e-01]
 [6.8811584e-01 8.8745928e-01]
 [3.9815333e-01 6.8806577e-01]
 [1.0000000e-06 1.0000000e-06]
 [7.2933787e-01 7.1343327e-01]
 [6.1758423e-01 1.0000000e-06]
 [1.0000000e-06 5.3754663e-01]
 [1.0000000e-06 1.7839108e-01]
 [1.5324348e-01 8.1060904e-01]
 [5.8224541e-01 5.8769268e-01]
 [6.1834234e-01 1.7744762e-01]
 [1.5404670e-01 4.4535267e-01]
 [9.9989456e-01 9.6190882e-01]
 [3.2890150e-01 8.5293967e-01]
 [9.8648816e-01 1.0000000e-06]
 [8.6706543e-01 8.2644629e-01]]
[[5.3420216e-01 1.5477829e-01]
 [7.6783121e-01 6.5862876e-01]
 [1.0000000e-06 6.8404365e-01]
 [8.4925634e-01 3.1772751e-01]
 [8.2410920e-01 9.3347266e-02]
 [8.4177524e-01 8.2161427e-01]
 [6.2480664e-01 1.0000000e-06]
 [8.3898163e-01 9.9999899e-01]
 [6.1475879e-01 5.6539625e-01]
 [2.6382756e-01 1.0000000e-06]
 [9.9999899e-01 4.1294572e-01]
 [3.5433385e-01 1.5518829e-01]
 [1.0000000e-06 1.7901935e-01]
 [1.0000000e-06 1.0000000e-06]
 [1.6084071e-01 7.6249224e-01]
 [1.2167231e-01 5.5267882e-01]
 [6.2113416e-01 3.8501585e-01]
 [4.4299230e-01 1.0000000e-06]
 [5.0891280e-01 7.1103042e-01]
 [5.0588822e-01 8.9117092e-01]
 [9.9999899e-01 9.2206681e-01]
 [1.7632718e-01 1.5627854e-01]
 [3.4850931e-01 7.9901785e-01]
 [7.7261883e-01 4.8009521e-01]
 [9.2625439e-01 5.7490373e-01]
 [6.9916987e-01 2.2271891e-01]
 [3.5506257e-01 9.9850386e-01]
 [2.7789238e-01 4.5156446e-01]
 [6.6283327e-01 8.0496466e-01]
 [4.3781862e-01 5.3749806e-01]
 [2.8402045e-01 6.3195276e-01]]
[[9.9999899e-01 3.4611508e-01]
 [7.2634286e-01 8.4580302e-01]
 [9.1083550e-01 8.4204829e-01]
 [2.2310993e-01 6.9446081e-01]
 [3.5558614e-01 4.8770359e-01]
 [7.0318002e-01 5.4851186e-01]
 [3.8255352e-01 1.0000000e-06]
 [5.4772168e-01 8.7655050e-01]
 [6.2052959e-01 2.9493061e-01]
 [8.1960016e-01 9.9999899e-01]
 [5.6983304e-01 1.0000000e-06]
 [5.3444546e-05 7.1748006e-01]
 [1.7955375e-01 1.0000000e-06]
 [1.7859493e-01 5.1875037e-01]
 [9.5005393e-01 1.7287205e-01]
 [6.1314857e-01 7.0526934e-01]
 [8.0135942e-01 2.7555457e-01]
 [8.1961811e-01 1.0000000e-06]
 [1.0473038e-01 1.9172980e-01]
 [9.9999899e-01 9.9999899e-01]
 [7.4896470e-02 3.7030151e-01]
 [2.8153539e-01 1.4989296e-01]
 [5.3599757e-01 4.8371232e-01]
 [4.4216481e-01 3.2965228e-01]
 [6.7570526e-04 3.7110072e-02]
 [8.1627172e-01 6.8831837e-01]
 [1.0000000e-06 5.3622437e-01]
 [6.9426841e-01 1.3028094e-01]
 [9.9999899e-01 1.0000000e-06]]
[[1.0000000e-06 1.8276815e-01]
 [8.8269407e-01 8.6368650e-01]
 [8.4301853e-01 2.7408347e-01]
 [3.1329069e-01 5.4551876e-01]
 [1.0000000e-06 3.6379892e-01]
 [3.1266373e-01 1.8281576e-01]
 [1.0000000e-06 7.2526819e-01]
 [6.0949093e-01 5.2362418e-01]
 [8.4377593e-01 6.3671923e-01]
 [9.9999899e-01 5.4423136e-01]
 [3.1087488e-01 1.0000000e-06]
 [1.0000000e-06 1.0000000e-06]
 [8.4370154e-01 9.3323089e-02]
 [4.4019818e-01 8.5348666e-01]
 [1.5655620e-01 4.5449749e-01]
 [9.9999899e-01 7.2696537e-01]
 [1.5581839e-01 9.2243798e-02]
 [9.9999899e-01 3.6351550e-01]
 [3.3305049e-01 9.9999899e-01]
 [3.1278074e-01 3.6421311e-01]
 [4.9052638e-01 2.1901092e-02]
 [6.7785156e-01 1.7409623e-01]
 [9.9999899e-01 1.8360706e-01]
 [4.9213722e-01 3.8600209e-01]
 [9.9999899e-01 9.9999899e-01]
 [1.5598810e-01 6.3498259e-01]
 [4.6786168e-01 6.3825494e-01]
 [9.9999899e-01 1.7101285e-03]
 [1.0000000e-06 5.4443580e-01]
 [2.0414218e-01 8.7392408e-01]
 [3.1027800e-01 7.2796345e-01]
 [4.9321708e-01 2.0475216e-01]
 [1.5651700e-01 2.7355286e-01]
 [6.7736530e-01 3.5543072e-01]]
[[1.8074335e-01 1.0000000e-06]
 [6.5160793e-01 5.9170127e-01]
 [2.1340086e-01 7.0999610e-01]
 [5.3241575e-01 8.5012299e-01]
 [7.5275302e-01 3.3580086e-01]
 [8.6530313e-02 1.5982205e-01]
 [3.3756578e-01 5.7726073e-01]
 [1.0000000e-06 9.9999899e-01]
 [1.0000000e-06 3.3005843e-01]
 [3.6147779e-01 1.0000000e-06]
 [1.2521139e-01 8.6979944e-01]
 [7.2329009e-01 1.0000000e-06]
 [2.7062470e-01 1.5814069e-01]
 [1.8096977e-01 3.1590581e-01]
 [1.9994445e-02 7.2197706e-01]
 [4.9036226e-01 6.7449319e-01]
 [4.5201966e-01 1.6571403e-01]
 [9.3534148e-01 3.3081982e-01]
 [4.3197468e-01 9.9999899e-01]
 [1.0000000e-06 5.3868443e-01]
 [4.9775738e-01 4.9296665e-01]
 [9.9999899e-01 9.9999899e-01]
 [5.7078969e-01 3.2752404e-01]
 [6.3329768e-01 1.5766466e-01]
 [8.1407130e-01 5.0601137e-01]
 [6.9628310e-01 7.7268636e-01]
 [2.5110805e-01 9.9999899e-01]
 [8.1750286e-01 9.9999899e-01]
 [5.4222387e-01 1.0000000e-06]
 [3.4636059e-01 3.9293119e-01]
 [1.0000000e-06 1.0000000e-06]
 [8.1458670e-01 1.6476814e-01]
 [3.4865046e-01 8.3717108e-01]
 [1.7579307e-01 4.9796551e-01]
 [6.3343549e-01 9.9999899e-01]]
[[7.2535509e-01 1.5776944e-01]
 [4.4398552e-01 5.0660902e-01]
 [3.5071546e-01 6.6527778e-01]
 [2.6551229e-01 1.0000000e-06]
 [2.6693249e-01 4.6110368e-01]
 [8.1390619e-01 4.9947995e-01]
 [4.4996771e-01 1.0000000e-06]
 [1.7453210e-01 6.1846894e-01]
 [7.5908870e-02 8.3501297e-01]
 [6.3334066e-01 1.0000000e-06]
 [1.0000000e-06 1.0000000e-06]
 [1.0000000e-06 4.8693672e-01]
 [3.1100941e-01 1.7629446e-01]
 [9.9999899e-01 4.9676132e-01]
 [8.1637877e-01 3.1590512e-01]
 [4.4158214e-01 8.2357067e-01]
 [9.9999899e-01 1.0000000e-06]
 [1.0000000e-06 9.9999899e-01]
 [1.0000000e-06 2.5154066e-01]
 [6.7741460e-01 9.9999899e-01]
 [8.1732875e-01 1.0000000e-06]
 [1.8172112e-01 9.9999899e-01]
 [4.1586113e-01 3.2528532e-01]
 [1.7631027e-01 3.0256423e-01]
 [7.1811891e-01 6.6313332e-01]
 [5.3489488e-01 6.6517758e-01]
 [5.4059148e-01 1.5952344e-01]
 [9.0932888e-01 1.5782680e-01]
 [1.0000000e-06 6.6966480e-01]
 [9.9999899e-01 3.1462148e-01]
 [6.2812722e-01 5.0374883e-01]
 [2.5765312e-01 8.3153170e-01]
 [4.9138486e-01 9.9999899e-01]
 [1.3269329e-01 1.2525947e-01]
 [6.2524253e-01 8.2424510e-01]]
[[1.8852536e-01 1.0000000e-06]
 [2.7212903e-03 9.9999899e-01]
 [9.9999899e-01 8.1339389e-01]
 [6.4613146e-01 7.1339989e-01]
 [1.8377377e-01 3.1767952e-01]
 [4.7009778e-01 5.3957075e-01]
 [9.9999899e-01 1.0000000e-06]
 [2.8329828e-01 5.3445250e-01]
 [6.0892433e-02 1.7607231e-01]
 [4.1423115e-01 1.0000000e-06]
 [3.6502406e-01 3.6468783e-01]
 [8.1207484e-01 1.8765503e-01]
 [9.9999899e-01 6.2558955e-01]
 [6.0272843e-01 1.0000000e-06]
 [2.4360487e-01 7.1738225e-01]
 [8.1304693e-01 6.2549776e-01]
 [3.3852285e-01 8.7870485e-01]
 [8.1200320e-01 9.9999899e-01]
 [9.9999899e-01 9.9999899e-01]
 [5.5242461e-01 3.6801869e-01]
 [4.8255908e-01 9.9999899e-01]
 [6.5623182e-01 5.2339196e-01]
 [8.1268591e-01 8.1307495e-01]
 [9.6950725e-02 5.1470202e-01]
 [1.9375819e-01 9.9999899e-01]
 [9.9385664e-02 8.3715570e-01]
 [9.9999899e-01 1.8731780e-01]
 [1.0000000e-06 3.5318252e-01]
 [1.0000000e-06 1.0000000e-06]]
[[9.8991567e-01 6.1746359e-01]
 [3.1525695e-01 5.9666729e-01]
 [1.5015459e-01 5.0258040e-01]
 [8.3369321e-01 1.0229985e-01]
 [6.2173665e-01 8.1077766e-01]
 [9.9992138e-01 1.9934315e-04]
 [4.5199394e-01 7.2735506e-01]
 [1.0000000e-06 8.0905038e-01]
 [9.9999899e-01 8.0855381e-01]
 [6.7753702e-01 4.0064621e-01]
 [1.0000000e-06 6.1919767e-01]
 [6.1854625e-01 9.9999899e-01]
 [1.0000000e-06 9.9999899e-01]
 [4.9771154e-01 3.3861348e-01]
 [9.9999899e-01 1.9749409e-01]
 [6.7114496e-01 2.0696069e-01]
 [2.5696817e-01 4.3591075e-02]
 [9.9999899e-01 9.9999899e-01]
 [2.4016212e-01 2.3392436e-01]
 [7.3999748e-02 1.3838591e-01]
 [8.3982730e-01 4.9925947e-01]
 [1.9089906e-01 9.9999899e-01]
 [5.5247074e-01 5.4607069e-01]
 [9.9999899e-01 3.9841312e-01]
 [7.1655524e-01 6.4453071e-01]
 [8.1084114e-01 8.0988699e-01]
 [4.2751980e-01 9.9999517e-01]
 [8.3848250e-01 2.9851454e-01]
 [7.1757920e-02 3.2922226e-01]
 [8.0902213e-01 9.9999899e-01]
 [3.1998453e-01 4.0656990e-01]]
[[9.0223807e-01 3.6036697e-01]
 [8.4518462e-01 8.7890154e-01]
 [6.1459482e-01 1.0000000e-06]
 [9.9999899e-01 1.9349539e-01]
 [1.0000000e-06 1.9256045e-01]
 [4.2382732e-01 2.7905427e-02]
 [6.1460030e-01 2.0105554e-01]
 [6.9422555e-01 9.9999899e-01]
 [7.0873117e-01 3.7067494e-01]
 [1.6623396e-01 7.1111625e-01]
 [9.9693918e-01 9.9999899e-01]
 [9.1741812e-01 7.0056140e-01]
 [4.2268249e-01 2.2281949e-01]
 [3.3948427e-01 6.1335742e-01]
 [3.0482095e-02 1.0000000e-06]
 [1.6786210e-01 9.0566874e-01]
 [3.3460498e-01 8.0777621e-01]
 [6.1667830e-01 5.6291038e-01]
 [8.0690205e-01 1.9275691e-01]
 [1.0000000e-06 8.0789196e-01]
 [9.9999899e-01 1.0000000e-06]
 [7.2535557e-01 7.2530442e-01]
 [1.7096022e-01 5.1738125e-01]
 [9.9999899e-01 5.2667600e-01]
 [8.0770284e-01 1.0000000e-06]
 [1.0000000e-06 9.9999899e-01]
 [2.2926626e-01 1.0000000e-06]
 [8.0773431e-01 5.3817499e-01]
 [1.0000000e-06 3.8831073e-01]
 [5.1716834e-01 3.9553192e-01]]
